0.112331123610093 0.00270329914796312 0.0119732750070309 17.5903807341516 0.639286763877728 1.02139037220964 0.329631332104707
0.0576413648180385 0.00297459414915496 0.0106878923356812 13.8606483214274 0.639856625997422 1.06063343686651 0.37031281614962
0.549062632823995 0.00293898669623816 0.0140458369081881 50.3100957788398 0.679583347395505 1.09720493938154 0.299975105727933
0.0877408036088634 0.00348823705688763 0.0133807846795271 16.1059461451539 0.660273698448921 1.24130411434807 0.46643091544168
1.32261502025806 0.00234189050815541 0.0142108950333391 21.6742259590945 0.619431410339392 1.0723341315215 0.316938797109595
1.57203823952689 0.002218387297334 0.0103241204363768 10.6740958019501 0.620138996610239 0.925780978253107 0.299162103499426
0.142415172729284 0.00332688826721742 0.0156511451651624 13.6971207801047 0.685923715524277 1.08969874919745 0.389914039713573
0.278338222611761 0.00336177184677809 0.0159669514165656 1.57244857304254 0.684852892222816 0.975042997397834 0.290887392860554
0.0547248954700875 0.00303392675163086 0.0121719765252871 11.6071384258392 0.637580175970246 1.21437669168958 0.376203878895211
0.0749124921981378 0.00294974799956133 0.0115136964291267 4.42247041765237 0.641070551703389 1.08486064581731 0.391266757969798
0.405280476123276 0.00266435430779415 0.0151741580353813 12.2681945282397 0.641646920356121 1.08277779222078 0.340026384610631
0.0857599355712945 0.0033164909753013 0.0112708679207481 16.6083566580837 0.643991132477443 1.14383696277795 0.420894019124354
0.557769921136255 0.00339058004121702 0.0186686810416004 9.37302191120501 0.64088968697769 1.28916655968058 0.449047397224492
0.0928000898593344 0.00334505446039209 0.0112968301486882 33.8904040761014 0.66814461148557 1.25081923284635 0.43725408743802
0.0984830431386175 0.00294841629211267 0.0132240691248739 3.22130596378738 0.6466176162598 0.98870736963229 0.330243198642251
0.41489916986569 0.00265394936193025 0.0106124550432883 46.8272997086057 0.653692712964859 1.11530233095058 0.343515385725131
0.201072123626226 0.00320224477021657 0.0172153687800533 1.29387423343838 0.634699022258369 1.26837230905377 0.444214708770159
0.0897625988043847 0.00313331329118054 0.0103358219215361 13.0921730167343 0.661145761818268 1.08637502973145 0.381993671161448
0.248484866528216 0.00272148263100921 0.0102946051711515 9.82464008716975 0.647941535778406 1.03394541789424 0.342137364632757
0.0640281142318871 0.00291945663323772 0.0110168966097227 19.6340032370147 0.634528850198754 1.10760148239473 0.391435404884139
0.0656772297437674 0.00284030775250265 0.0114423354228793 13.1963207516443 0.633517913065814 1.10362414757478 0.377295113498201
0.0662539386439827 0.00342846149820549 0.0128318020114169 16.7583560312762 0.672652633536023 1.20604333151978 0.40350414732482
0.136954379028666 0.00301803317476349 0.0101124249266744 38.0912048771914 0.645877802189656 1.1663517775572 0.37936609344803
0.218439168383718 0.00307850855531546 0.0161011598455464 29.9472798303832 0.670203956862564 1.05562588016227 0.312226028038511
0.113994574630103 0.00317633926192168 0.0154058815225372 26.5380673823137 0.662812200313092 1.12257536945432 0.372207627905805
0.143461235129211 0.00334770046635422 0.0125667352062865 32.6045998867458 0.655086642058683 1.20963321036566 0.398779973567723
0.124404365979076 0.00346742067342913 0.0121446924059288 16.1937241731192 0.688298538274321 1.00349329097148 0.361695337236733
0.0586645796426241 0.00330422666357276 0.0121278282784202 24.6258482882133 0.666070215662864 1.0932015072393 0.362950943528325
0.0662479228794313 0.00339779718411661 0.0125847756591413 17.295156289451 0.674512688240599 1.08062370565093 0.369610061261755
0.0782178029455396 0.00306898583085114 0.0104233114900084 10.8047268310283 0.653191974771304 1.16401024987109 0.436871143392184
0.109371539427783 0.00297388800684057 0.0144181914598228 11.8054524005189 0.628153192308457 1.1809212860291 0.401128295769423
0.0756700902345734 0.00316275056187139 0.0126907789846023 34.9152555516482 0.67059653435546 1.20477472634331 0.416959926616118
106.176198015786 0.00270596079514141 0.0182596551337658 47.5955874095815 0.686786825284346 0.959998528052105 0.183711149315
0.831287190080451 0.00265807336617489 0.0119966180823498 46.2595440694993 0.635001366294894 1.16850600303341 0.344895870205444
0.134465680515674 0.0027560380301084 0.0123314077998719 13.8269191190058 0.647628659049789 0.968159925270145 0.283344766090461
0.0911509485947198 0.00292994220146373 0.0122928742177947 33.050251091587 0.659548312990895 1.07407847873603 0.312593474898432
0.215999554840873 0.00265956627717472 0.0144939567680128 5.07531546989776 0.619341376287123 1.19136789062141 0.394652108650211
0.554580658977272 0.00348092199018702 0.0164933862873404 9.98375097183427 0.636308880077156 1.28056461249808 0.459988154608328
0.152233471712668 0.0031222536785807 0.016363708000224 21.8315214229387 0.660721427682724 1.10751691911963 0.301395575953608
0.0613835011474553 0.00319933660513058 0.0127264074472372 28.6263188635484 0.671200632084694 1.12743817312864 0.36987965865551
0.0504673973813448 0.003165539387678 0.0123732233740373 15.0324107805678 0.656208373415624 1.14449908996054 0.436438048225155
0.121972936691361 0.0026112862081753 0.0109176068870087 11.8740072029465 0.62479140665008 1.02107160800307 0.325087921506044
0.600114226840466 0.00291257367348191 0.0130424485157186 3.19315527682395 0.590964791628693 1.25577988499708 0.434900472460561
0.082448265308759 0.00339104656059766 0.0145382747287325 22.4183431287738 0.684736891694374 1.1035981067437 0.352080023466119
0.247137163472007 0.00268328909902117 0.0119077312843928 38.0733450626609 0.642302660515413 1.07572499240168 0.305011188810025
0.0674786883217471 0.00327102531566266 0.0139522253948615 15.4990185320406 0.672977864429179 1.08860158985671 0.334143885763878
0.212942997942106 0.00291829957847697 0.0153054097577552 13.8257759138265 0.660891664873278 1.0977703124225 0.320218727798035
0.221234719986419 0.00335603260324783 0.0134079576373776 49.8313840140886 0.694021333991387 1.19703656236511 0.38910919184247
0.256942999356205 0.00326388371475602 0.0115538047241328 6.54217244664725 0.680036790026382 1.00950250051439 0.351889155926112
2.10484117622074 0.00282735710403259 0.0157887083916964 33.6807143533459 0.685746463664753 0.931709889266359 0.227353304617682
