0.503384511699433 0.00341559939117619 0.0128594655598277 10.8282026799324 0.650249101373546 1.18156717755024 0.405744279218052
0.258208027774621 0.002520274137918 0.0139319782129227 27.5028416390816 0.621008693619016 1.06182344583143 0.329217811504918
0.444014276819344 0.00320246662952245 0.0171420051979027 36.0157983365561 0.642353806972881 1.44359745658585 0.500436197446934
0.55316424499334 0.00250153615096501 0.0126853890431544 55.9318930269686 0.599830081131114 1.1696508643437 0.299452884016513
0.296539777010794 0.00296076681233018 0.0120480092732728 16.5729160983484 0.622443979932222 1.17879185898026 0.353028532934379
0.370742516030157 0.00291712813340981 0.0116785411482403 28.0825276602138 0.613583698637037 1.28296435009845 0.40886526551173
0.370959946922033 0.00248324126394379 0.0108347862106178 18.9466359903568 0.603508169580534 1.07790035877335 0.322334666007362
0.452998545555184 0.0023166555421868 0.0103730756997831 38.8447659491252 0.589208523254244 1.23462511012712 0.401112999004565
1.05906314171701 0.00244763840245329 0.0191629015017934 18.7567725229965 0.629390064454097 1.03907612521035 0.29158494479386
0.276294798761386 0.00300381029892414 0.0165657884992292 11.4397042503204 0.648184924915018 1.17716283553817 0.383511565868182
0.320673460038958 0.00311540392721093 0.0126120935966131 8.90340219728957 0.639299305187877 1.16812212116302 0.446550913377629
0.382033276603141 0.00244096097977639 0.0125704665813917 18.326827243282 0.615122757429124 1.12627143594611 0.342314139371363
0.217871917562237 0.0030089518952488 0.0160459838214747 29.4760841543819 0.643791121157804 1.19741093369896 0.325619522728439
0.377742488467512 0.00303593998951965 0.0172801991043989 44.7879409963499 0.663068285654891 1.18585426695634 0.321303796051043
0.310462971086857 0.002495234086037 0.0116862555533118 40.5198063165501 0.603423996448818 1.1914406044539 0.332772892995843
0.527079881325136 0.00290846319759865 0.0137521830160332 54.7752029726644 0.626421883854514 1.39648753627939 0.44631557124053
0.625617718321256 0.00336000833458105 0.0197972256634248 7.59398569768309 0.656326652519145 1.23872291880123 0.423261572036723
0.264197782832869 0.00266891111466893 0.0176481404381028 23.5329396647398 0.62313489447671 1.13178924690613 0.314879917020852
0.2926901964084 0.00231297136708873 0.0163460246511289 27.8842531359236 0.595709340464148 1.2218310756457 0.321798777066784
0.568316231719088 0.00209536395601801 0.0104872520068819 28.6538722035962 0.573993786335864 1.18745782030764 0.376575225114736
0.407179228232899 0.00275560516579358 0.0158502119636817 9.21623507744415 0.640671256609341 1.03761055463366 0.296468462946114
0.227168290182232 0.0025655976079625 0.0132016657996181 29.5719766229277 0.603316098555495 1.29349463577033 0.391474613132872
0.399082918200351 0.00266054968841198 0.017513004902667 6.92362866287972 0.585832270173823 1.32826265943499 0.412577364403684
0.352763071034586 0.00242144357004369 0.0124601240521769 39.947237466515 0.621535776706965 1.10810020757115 0.322328470676004
0.378389133887282 0.00307253856063945 0.0141546880823416 36.0212549374984 0.678164413694321 1.13781898251165 0.336157213450163
0.612382511498613 0.00313615319613903 0.0134993238792355 55.205188560559 0.69093280100707 1.28379135562516 0.380993300175646
0.497227930576361 0.00336310186369584 0.0120453106930605 41.281061191976 0.658778102320503 1.32352836750669 0.400625392617446
0.22634873768218 0.00282442293024003 0.0128358546861599 35.821338663704 0.630158790884859 1.17522217168812 0.360591503525068
0.499792820156923 0.00272906396427534 0.0158212009469359 40.8814035040387 0.658775743160001 1.09896699998629 0.294739774477468
3.49586221727316 0.00287231644969208 0.0189156296927904 55.1367960187323 0.690246670882927 1.08205427150527 0.301269756941547
0.244527985643562 0.00269241825557215 0.0154709727855434 32.1191605245801 0.635746878166283 1.06770233171054 0.314361672738569
5.80750008460152 0.00306813092420484 0.0101028967116984 15.2376385636194 0.576329269154485 1.32927794944358 0.512387686663615
1.70876019243198 0.00261350844804522 0.011646965244094 59.7630246194725 0.672602911731115 1.01263724967103 0.245891005903403
0.208704757929033 0.00257496398861483 0.0149346362389585 19.3431593964604 0.607338552435286 1.15952789690709 0.323894621977727
1.63731103508822 0.00294194250904473 0.0160742136358366 21.7610538228936 0.583877978369563 1.41512197322449 0.479144279121171
1.7368128812895 0.00320861926364491 0.0108080122806809 30.8893609451024 0.610454369123535 1.20312719364957 0.396640642942541
0.254317836796799 0.00251766455923195 0.0125622823298435 36.2752083837636 0.605143613225444 1.24247519914711 0.441834510168897
0.826584658545549 0.00262752002884377 0.0185236778820852 42.221347563775 0.649842094232504 1.05312509558874 0.277736544998001
0.399039373978942 0.00288326600324758 0.0133442109582224 31.6211043513884 0.664792047299255 1.03675417848211 0.276321320191816
0.243292163307804 0.00317882531071062 0.015917443172089 16.5150266118876 0.650262550827877 1.15427848935614 0.373747891326384
0.329183614131524 0.00304694598836865 0.0172654991170819 16.8722011428684 0.623356220217639 1.25644536290818 0.447089062392401
0.699260920049124 0.00206830343656059 0.0138194467390093 31.200404979815 0.599794249416653 1.05732482841288 0.274317949217664
0.555504339733973 0.00319273395335625 0.0157650451198202 58.0162136861303 0.67055349914893 1.34290374601562 0.378541303325423
0.789436384467598 0.00249554599412785 0.0192027804627658 45.2029456318633 0.599769824780331 1.26487588704533 0.349498875927516
0.913993617546689 0.00301104338760774 0.0106635596968708 68.336090820271 0.674318692490865 1.14657537978865 0.35603392556333
0.518286675359228 0.00339907495770037 0.0191066031462446 9.52589969436407 0.665462542382518 1.07800465631927 0.286973636778577
0.252597612463392 0.00282440827202174 0.0116992952928159 27.9180988518329 0.625360522922903 1.19870943394209 0.415407467896729
0.369500509691396 0.00295063009950257 0.0160427784344669 49.6359386801876 0.660995708978327 1.12979856235236 0.290602334258892
0.233358815571484 0.00259860371607989 0.013906470503602 35.0053574196302 0.625663348919838 1.20451708049019 0.360035900663952
0.267610189263066 0.00257095530914994 0.0138589292456012 22.7278676187327 0.624426610348005 1.07772975122947 0.31236952011482
