0.118978528226572 0.00266204861432594 0.0148928374201188 18.2903766482092 0.624336176738403 1.21364326000485 0.356955086704816
0.0806891503785722 0.00297220904888367 0.0126714212197609 12.5984355154316 0.641937760514847 1.06159192937465 0.363214796859758
0.113194090027827 0.00282353840344471 0.0126192770840385 16.2823112088098 0.612686418793727 1.26423065162605 0.445119515386192
1.302519339373 0.00209322538377294 0.0147046797913355 29.4714759852286 0.601509897159002 1.13003615744177 0.288421288683893
0.0898271197775415 0.00304325517634682 0.0104791917876846 8.72779083951087 0.63896576037814 1.11621966117036 0.395273692528812
0.211891213990713 0.00305787370120558 0.0112685739207314 32.6224456753497 0.674706796488945 1.04314114314376 0.318046480242554
0.109431123429276 0.00316906952631668 0.012352801748578 1.5487897347919 0.640756948726872 1.17938307435243 0.386822606648026
0.329562162657577 0.00219616249185254 0.0125014910242968 9.89759920100146 0.573540561044686 1.11603477414388 0.322811173034583
0.653649841774487 0.002357975643813 0.0112422927161418 12.8468934648624 0.613138811465201 1.06897215788195 0.350467647280464
0.091520687193835 0.00319320979727254 0.0135565185067678 14.2602331670318 0.660714483861287 1.21505338261418 0.433838172568005
0.23592377684704 0.00287800361766513 0.016584257880932 15.1034417335386 0.610014126916013 1.24161896920121 0.369340647305434
0.630392655498832 0.00265985588129552 0.0142740864805653 26.8481333956897 0.594268812655096 1.26966309595604 0.399930469955347
0.256193431744137 0.00242473675551501 0.0172147963976066 14.6823242329813 0.59262803999025 1.21824727650658 0.367557416867268
0.383462288023681 0.00299856833611158 0.0144844936413278 48.5257653636829 0.67745299130638 1.04831424038717 0.261000158059228
0.115014444755325 0.00268239437511752 0.0147485267671902 8.9757821921807 0.605335500865135 1.22004519376198 0.40319730752769
0.106812082572119 0.00319468559663339 0.0135235328953402 12.8452525366892 0.664231326999555 1.06447009895191 0.349450789400791
0.11618170675227 0.00282740673568457 0.0106404059484733 21.7044177670001 0.634679850312344 1.15888636623436 0.360939894179948
0.248680192834074 0.00254670459780411 0.0145810861923983 33.41517732308 0.620981335640279 1.17732778897577 0.335106826613602
0.140673695771375 0.00278556160191044 0.0114006766431173 23.7734568662754 0.619216499706376 1.13379509647574 0.407166630520979
0.39599134496589 0.00274465838706607 0.0144992809041316 1.54917551312506 0.582582582248782 1.29086824194337 0.455474489208231
0.313331658014987 0.00326530038586653 0.0106736898700229 8.54322492232136 0.62308909132223 1.27541526342074 0.499776469039664
0.232255583089285 0.00258948214826216 0.0127639312036234 11.4841945671716 0.583997771373004 1.22856978582263 0.37380693705057
0.286266353412276 0.00298254729461238 0.0173750213802335 37.5999230393223 0.647772964973898 1.10104566454904 0.290064737228813
0.214086051322346 0.00270838933618343 0.0114667084026663 6.21336430236358 0.587268818747069 1.2303726265175 0.410094398293795
0.756576203021005 0.00243981553200467 0.0108578851217648 24.7656460117894 0.629658902454722 0.928336161561602 0.28323438895448
0.151369603681724 0.00341058704610229 0.0140863824015989 14.5078390857967 0.682186999571047 1.06801068527397 0.338672367589195
21.987323778276 0.00248504260141101 0.0139422118210026 63.7452052255362 0.613215367636256 1.32259364058059 0.390010846564979
0.134447422613337 0.00267492920597634 0.0109462499075287 20.4756467689993 0.623702618669251 1.06421809534249 0.305758465550467
0.399239433050533 0.00308817584349073 0.0167191711616495 28.4873779218839 0.684842945996585 1.16225594395249 0.353745481417064
0.227382644125439 0.0034306072057085 0.0162387146352047 32.5802697984547 0.69663645447647 1.06877603549922 0.338896552831053
0.311265800423606 0.0031412737992891 0.0193765300218296 25.4893602361919 0.653684611573369 1.17823329225906 0.399634566034097
0.098758761507174 0.00317959289734749 0.012142477161622 19.0194877865395 0.666723076161416 1.16515125418015 0.412649405270516
0.171532126711177 0.00273019034169553 0.0155955567920577 24.6847861339647 0.642489660084002 1.10598070637158 0.334037798102289
0.513678476827402 0.00252121839658543 0.0196329009379261 18.1412758073353 0.617839235690399 1.14966084193911 0.349507659613563
0.190736697924901 0.00293369209752089 0.0136101051039554 5.55121950758093 0.604400804188018 1.32590889677691 0.50000477833922
0.453416589203606 0.00320786974326239 0.0193041124671285 8.07461204269298 0.64465134358292 1.30322197219287 0.401342917645847
0.188615569117165 0.00314835415746439 0.0175122063898367 32.0441660140291 0.664207478895394 1.17129138381868 0.343505163967787
0.104705915412986 0.00284009685760471 0.0156352326613814 13.1914954032731 0.621716575573434 1.28274058079175 0.435976440692867
0.196902888591696 0.00274793806698431 0.0148323921463279 25.6734017925817 0.612484848502836 1.25921564413982 0.429619545410119
0.0761518437897226 0.00296355596159462 0.0132271175360177 13.4113176165885 0.637997121971499 1.18906888573992 0.396852563310797
0.598454658601668 0.00212304629626133 0.0140699744197401 4.81589101092918 0.577578370737724 1.17865912353086 0.370719997100615
0.16894426195948 0.00300618030435816 0.0174910510745421 18.6715580556923 0.65399979915061 1.18552013419146 0.394674352516532
0.153903454816758 0.0034867392066852 0.0138099615134007 23.5768830427526 0.691055842819561 1.15513572348986 0.378531544900598
0.18433721292661 0.00346740225103826 0.0136762674498838 5.14068032887483 0.659624711822689 1.16950826865751 0.387349764048325
0.538944309698257 0.00250378710650179 0.0125499741001767 15.5199430536167 0.630358767248427 0.989426158213795 0.303197180516919
0.138965266533234 0.00285655539234226 0.01330131029173 32.64456363348 0.640348255902117 1.10905815281191 0.357827017837266
0.141129690122492 0.00348443172637525 0.0132346057860094 13.1601425131529 0.671237164671156 1.14597672745517 0.392372089683531
0.18347289521773 0.00247333577886687 0.0107940998439728 15.4311243376602 0.601912940269504 1.23359940813931 0.441428720594779
5.06588114078322 0.00217527980312208 0.0111218424772784 39.8844987334822 0.577199680353948 1.14338133093817 0.305447664302432
0.419373780692237 0.00259991691449583 0.0142952400168328 13.9339336312166 0.636139835103588 1.09989229759604 0.323104290375936
