0.174007528936863 0.00291366797085763 0.0135019748779161 6.56994791807438 0.657241765076632 1.01806791781786 0.29783530959157
0.193827777931669 0.00343264016639979 0.0110666776950371 21.3241558166239 0.646304489260891 1.3226681534082 0.521047773423918
0.0999411148547194 0.00316039020501024 0.0139197610218254 29.5161867280032 0.66054572932151 1.17024621157133 0.378690365479878
0.137026999015778 0.00299729117950375 0.0104270337697154 36.2738141038088 0.654009516642711 1.17824323304222 0.351192809552328
0.195198509545911 0.0033072235768522 0.0174686453599635 9.46487760135039 0.677944267597368 1.14093513920921 0.348112477759354
0.223891837684307 0.00344277077564306 0.0124020158498114 39.5377411162825 0.67855707093435 1.12243590931931 0.348429524567371
0.284104742513556 0.00286103353210333 0.0131228820796487 34.194004914801 0.672524493691342 1.02880289284625 0.303032702346438
1.93323920202407 0.00293408456214441 0.018588440895941 23.9136372921972 0.634364575537319 1.31482249878735 0.444677694771073
1.30852745484518 0.00264579840202053 0.0145684251303208 26.4703584012503 0.66626108713146 0.824184465026246 0.216810977275472
0.169370003017373 0.00299696366419657 0.0149775088561809 29.6845675301558 0.665280069089715 1.14646934198543 0.353555776051174
0.146582025198919 0.00322626584572969 0.0106672126626251 30.4917372457601 0.684985304924319 0.928043389915848 0.283672645102774
0.091955655596825 0.00342182151442028 0.0118345705118055 24.7391702470602 0.666850241157571 1.10245804950851 0.383790789524179
0.100812984858835 0.00300241296293785 0.0103388383823543 20.3919007011871 0.623391529527949 1.18147958507988 0.408543795799445
0.201585828659121 0.00288554632814689 0.0128193647320165 22.1901174020885 0.670246596415589 1.03905470773552 0.35874275532522
0.228873056720118 0.0033786796985018 0.0173928281620777 2.14031283168026 0.678859840548881 1.14715300604251 0.377431829936223
0.135666022271885 0.00276337399898315 0.0111262783837324 21.6434229005105 0.60881012427638 1.17569449604984 0.400802796273242
0.137239448793112 0.00312735219887297 0.0157969222425828 17.704693442345 0.6734076372561 1.03676421678337 0.344589516603206
0.299239262530211 0.00296688465943336 0.012604782386441 14.6298825304877 0.677094327393824 0.948485675758943 0.282003452077928
0.0941823340632263 0.00323574354635304 0.0153448854762187 7.48837505298886 0.646602654159356 1.29871740769196 0.486070345753354
0.0732851670128907 0.0028966717556331 0.0114152856381152 5.0043344015786 0.629081524476219 1.07907656185384 0.357715945517669
0.0659547175262852 0.00325393656295147 0.0138249587037881 22.8626190984694 0.67198944036437 1.00263001987036 0.315926336552821
0.203229557726317 0.00297545360636515 0.0156370117007325 8.17162858087307 0.660143426263968 1.11680328907294 0.317420002918936
0.11471198285828 0.00327360731213162 0.0106562680331974 23.9633846459881 0.680312869828041 1.0461130490882 0.32040279182456
0.585123405746963 0.00247707055574589 0.0151801848804909 5.02368937802908 0.614047950216101 1.11380448064437 0.357346014783313
0.283305397349378 0.00346608932804777 0.0176436892156788 9.30590916165637 0.656284907636171 1.21857309519458 0.355142151464743
0.105756387856016 0.00261230745917674 0.011078590462585 9.93257729501756 0.615717312479426 1.05440475762548 0.343090966766464
0.186616331430244 0.00303265423749542 0.0120682401895713 20.3796503713401 0.617206687869632 1.32818318737002 0.498653005540307
0.380368502303264 0.00346170188681132 0.0181774859553575 23.5152337457815 0.675897975950058 1.26078893927198 0.359799609905974
0.0639182398251926 0.00319212736196729 0.0118893906679713 6.78567478618878 0.641827984917216 1.22198631960722 0.428589778922771
0.0712336061238614 0.00333198069249914 0.0132156701474046 5.44666498482966 0.650462737687272 1.25838637494071 0.415039836047818
0.180918572321925 0.00282944678528868 0.014656227303726 14.6690008755106 0.652759710640962 1.11977850642902 0.341533767108142
0.101036913439117 0.00314296404027154 0.0127121731376982 32.3529600484452 0.658197954845482 1.13857280246695 0.39490257307637
0.180469850022003 0.00274699729680917 0.0137307842625008 28.2928377457376 0.642628389131926 1.11240988978254 0.36092145765068
0.081507744160088 0.00341405346394991 0.0124781194197497 5.27315907895513 0.658589913783638 1.14126624156012 0.41762590123863
0.148329165000823 0.00307178043520993 0.0134575723295417 26.8489802341732 0.682947940662848 1.02715004990021 0.281628363628038
0.0893679263908044 0.00275668262810277 0.0116596105459924 20.2896524339793 0.637226292087826 1.14838458942369 0.379861754417534
0.074040431389672 0.00341537398684 0.012054063391252 18.67427740942 0.678987439884271 1.15329046691226 0.429300647754473
0.0980447359410365 0.00289718857826889 0.0128890548603836 1.9308390545254 0.615124401058752 1.17502647211877 0.367934642549081
0.274502930231029 0.00261719197592091 0.0148450721401132 11.1733282924577 0.627754541095546 1.03658998490922 0.280973905018023
0.318286505305708 0.00332901936578481 0.0116217001316702 2.63687908960026 0.681958126530717 1.12724500717965 0.428301004806487
0.255457285254523 0.00287056397555389 0.0131017436525884 5.0969475992274 0.656971823264457 1.11844585276974 0.354996725093061
0.524487245552514 0.00297034645462618 0.0186359882621421 6.32893657114986 0.633582663890806 1.11693164064767 0.322760204845651
0.218285752100243 0.00331552121873473 0.0145080948064748 9.42351517973798 0.695485803690267 1.04511032847032 0.363193693983347
0.326522630804532 0.00306171779468147 0.0119141561249963 6.59145799077317 0.599895464242026 1.2920726633286 0.455821220635056
0.0603416595430818 0.00301933183764636 0.0112652007251514 12.1678231775637 0.643973814456506 1.19491794055137 0.400776624772394
0.0903952845865822 0.00338291931915778 0.0138722358470629 14.2196488205701 0.651858353150786 1.23091759141649 0.426608439125985
0.098263021391095 0.00326938543551754 0.0111088961388156 10.2316529248856 0.634530860628465 1.24001602618189 0.472819566655726
0.407965877296663 0.00233069943627136 0.0122028992786113 18.2104988778157 0.617049258623496 1.03228238866489 0.300215548824133
0.47995743257389 0.0025456024931422 0.0124497051407791 18.8055445817078 0.584626219399209 1.22140926366421 0.443192331863828
0.0857171872635698 0.00278626054828281 0.0119052017244464 22.7577614584187 0.634350759547532 1.21456885271384 0.421684776033879
