3.71516748589013 0.00327143135564413 0.0148788480326589 66.7439729123379 0.62074778914897 1.45964204098162 0.471722944508249
0.671927117376735 0.00322127937597662 0.0135704915044935 62.1960165969285 0.649497786283998 1.31513100090068 0.391315363757235
0.36380138243879 0.00320556587467325 0.0148037428789878 25.113757248703 0.66687351739154 1.04864782917694 0.331770056294499
0.703588541141593 0.00244314094070891 0.0196278938483219 51.2716418299175 0.612228028651749 1.30290024714561 0.340626229378817
0.31656884154024 0.00295033471247755 0.0159376681624651 20.1238658289817 0.626282556652796 1.29987620726049 0.399651839475438
0.504192860416795 0.00222249024102759 0.0170734104524029 7.72399574424329 0.58794565366487 1.23715278705882 0.339444382314028
0.481386619306779 0.00246968663001708 0.0158024533545504 34.4105338182458 0.63622923828742 1.13854040191087 0.323553338881788
0.461480293777445 0.00289576135386545 0.0186637078651465 22.5423514672909 0.615146397738636 1.41001064361546 0.455174131270624
0.725935326732168 0.00289687596502246 0.0112825992358254 58.7441920581452 0.616112537448677 1.37031530523985 0.442910168420932
0.726061268809987 0.00240347102043025 0.0103177099621866 6.63849461479654 0.589555162657371 1.25341059834606 0.443956225267513
0.453691417087044 0.00341106925118758 0.0154741668338913 21.3621849069726 0.671127772206384 1.20601637105347 0.416320072846682
3.67623383669928 0.00242461622825595 0.018379199149938 28.6506683462127 0.667915721957743 0.800931662692701 0.201712723901961
0.575526037409254 0.00292996669662774 0.0190211658194045 8.85206220997636 0.646713980387774 1.11110089088881 0.326325204159222
0.516836612355034 0.00275050442597464 0.0171947032981833 37.6788042439714 0.598382318109624 1.4285465491656 0.432773882923671
0.289270394901789 0.00293033973304212 0.0142680108162913 24.1786954473435 0.63538096607246 1.10973158299485 0.377321695051475
0.545133114329612 0.00314777123509935 0.0170109136743213 50.414666063684 0.686572035891206 1.11458284930023 0.292789601387584
0.559250432943272 0.0033149715784156 0.0151762128093177 5.22043881612721 0.661441432459694 1.26780736352572 0.435921744992392
0.514663791633289 0.00286445252813327 0.0163139422884565 50.9884140671993 0.671015101752605 1.176294737951 0.308554586743266
0.530250338128993 0.00270213244396572 0.0178311905546593 49.2766329275404 0.610840149222467 1.3135200826973 0.356338658729015
0.291582893571599 0.00260753737496595 0.0161021474911368 29.2375633297994 0.617409228778731 1.15820989363876 0.335822712784055
0.828191781747251 0.0023538518594131 0.0113969917008146 21.3470626937505 0.624696502553217 1.03582867886864 0.323538616002188
0.351768817599048 0.00270786338697994 0.013665577855461 10.0836648726033 0.613965328406534 1.14271054826953 0.390291593183931
2.33751766782263 0.002250188374959 0.0107529957193509 45.8547536300751 0.65151227012236 1.0038503696612 0.246136654563539
0.692727201908871 0.00256205955120633 0.0185316054465832 9.38073960594416 0.569102508056976 1.34329558528907 0.420980090770957
0.401534455012421 0.00270746828805632 0.0163542546647312 34.9740517725631 0.649519749174076 1.13837878943733 0.310176214360672
0.80482349004606 0.00276649836821276 0.011219983926793 18.4141460480738 0.572767842183161 1.33821014067242 0.458920889236284
0.420758788987844 0.00227833705978306 0.0125918439098218 36.0703669833341 0.597279066776223 1.13091836465407 0.330367188796405
0.841312275864415 0.00280977008225084 0.0196673348641968 27.4335413216884 0.664566095592073 0.935994122146761 0.265978620706687
0.47103886849492 0.00295178752020292 0.0185644351170606 21.2720407815393 0.618422000994981 1.34206326330971 0.455747126433741
3.02368382534213 0.00303253466207697 0.0106513042282305 47.7109871750711 0.583823969136573 1.48775285871028 0.544497579633449
0.79365135849225 0.00215437174630014 0.0108009607353925 53.5451675339742 0.587562287715785 1.13743914133756 0.294323090407473
0.368185647957945 0.00267681530737446 0.0185026997479623 31.1681781384036 0.621891154189018 1.33782446582776 0.398364575249722
0.455972404929028 0.0024170429478369 0.0108991376929811 38.6963874986218 0.60131899468938 1.22306518413381 0.358778992404956
8.81981458649271 0.00321454720193061 0.0136112578089119 46.9981135324308 0.582913880944139 1.50081014438253 0.463723950280729
0.488825435416558 0.00259245019001915 0.0119029225728753 12.3484004465491 0.579136596328203 1.22561442786162 0.438238584306
0.853535513729917 0.00284793893271851 0.0115216671461627 21.238022806064 0.669379723409931 0.958589545341788 0.278405769663938
1.73602537690879 0.00327551015234949 0.0199834541339981 51.026349610525 0.640667342181198 1.57179611671321 0.449704434468741
0.313770606157064 0.00285371678236427 0.0143197816955676 26.79767307234 0.612921837284646 1.3254702646375 0.437862050865454
1.62816178904856 0.00219739504745746 0.0148259749599271 43.0809189664604 0.643791823316221 0.973520546297715 0.225587436521226
1.37126370969391 0.00255808057274885 0.0111689311666026 60.9190152916108 0.671650164186609 1.13078162799277 0.298311867194566
0.475436318635056 0.00323569949607592 0.0111056117903709 22.5654027161112 0.662951689543998 1.211221262875 0.44490764171766
0.376124675236075 0.00302711671052811 0.0155390376574294 9.13801717181694 0.632736000499028 1.24862889961916 0.398911141015154
1.17750242497623 0.00239140520029163 0.0135262789699046 61.0272507534812 0.656543514046908 1.07222892313346 0.296621983938931
0.367001645451768 0.00239981107845721 0.0156412306932466 36.5583231154824 0.586933150038764 1.33369800148368 0.408996949150622
0.565471502859656 0.00237776743303039 0.0193768473631633 3.48912973183045 0.57745668594419 1.23172900887231 0.339015794615083
0.441519447792701 0.00332323652666409 0.016771345889015 24.1194394408253 0.656387643306474 1.3063475975517 0.431984641906171
0.450489192842719 0.00269901935531029 0.0192258378952263 15.2769718820022 0.605677789440652 1.18397622100134 0.36800081551361
0.354848987762563 0.00238500078989532 0.0154184845007816 14.723682432266 0.580752995500423 1.21073271914468 0.403549321659621
0.792390872957113 0.00265741852826152 0.013599503583584 60.9740173717015 0.669557314996894 1.13143659894615 0.280987614958402
0.340163594399564 0.00289251636730577 0.0153300049134564 33.9155242798987 0.616402659375604 1.39120962988867 0.455332397709577
