0.556950577912453 0.00221649216174979 0.013263769508492 1.51425356027855 0.553795867044948 1.26725741788753 0.40313964851865
0.595733518053364 0.00312204785629173 0.0126446216726999 63.1381088353604 0.668737101721112 1.16141838956858 0.307050944458811
1.81824548643585 0.00256680739245417 0.0178065687690429 47.349556582238 0.661399510006697 1.12756961670659 0.291177480074702
0.354326953198781 0.00229102821508404 0.0111343919411232 38.4806374687421 0.603183871471656 1.16911382929886 0.331224938380003
0.668368835786508 0.00232357384109354 0.0170342077675785 48.224232165008 0.611245034842728 1.21690083369195 0.337268900453857
15.4917316750925 0.00318716040595259 0.0171670347290175 8.7891733034795 0.578340009523293 1.53390251812252 0.598422147515543
0.275145478050441 0.0034056191923524 0.0139314843087079 34.165000290921 0.67294243042158 1.24879725904856 0.421555931668118
0.956997988087527 0.0027006516542258 0.015221162591367 15.3221096981693 0.572134841444757 1.37185374373726 0.443455266610436
0.612121522889729 0.00320935793572154 0.0105066397068299 54.7791062937058 0.659664179878199 1.17245509089238 0.329475151337413
0.622251965924551 0.00296471663706397 0.0195392157580192 22.501473156144 0.663688127937875 1.03332542744219 0.276512675725378
0.213812902905708 0.00278259133879981 0.01326195827592 39.0665631883142 0.633523952781558 1.24132665469952 0.364887431617681
0.292844085154094 0.00315747139438839 0.0139990466741227 10.0052596746166 0.627646103888643 1.19486775588866 0.420109423294656
0.507171353523825 0.00261567130211053 0.011847902411643 60.3101097264797 0.63453779195116 1.14695271225989 0.326966458945786
0.358673294726722 0.00231913870423559 0.0133620346689864 14.7129842416212 0.603073534452262 1.04251821267547 0.303590153798948
0.649643596543532 0.00282280428434823 0.0105706941196475 39.8417925449506 0.664095470851937 0.992010492586438 0.326260248410738
0.539987004738589 0.00274286122262288 0.0126694585806714 39.6432970605699 0.597003982224472 1.42695030287914 0.466038782253093
0.6822811744463 0.00331461226933266 0.0117132719507069 58.0243971260891 0.668388740842342 1.13914763142825 0.350616865740312
0.270972503154336 0.00300219275762482 0.0128022725620987 8.743404842083 0.642158999986522 1.15861085529247 0.405513799352366
0.476025578650308 0.00321835561958754 0.0139731333914207 45.2186474169174 0.693682925436094 1.19768088504203 0.387872826362725
0.360163229342776 0.00275393340938103 0.0146566278467311 34.8233393780489 0.604576740460867 1.2268765440685 0.40348059935863
0.20015485168752 0.0026410642204564 0.0131246509335159 32.5658480522178 0.618309761344588 1.27533937279478 0.476165583109818
0.516142317015926 0.00334509892553465 0.017958665525091 9.65166187683809 0.641733038967532 1.24450393600123 0.407907791057348
0.329931256395763 0.00229012658839623 0.0116034090206388 35.9163361736477 0.603259041680571 1.10906676917042 0.316016225139206
0.202389575686557 0.002913534802456 0.0130015494006873 27.5305660161525 0.645245828050894 1.16682307677838 0.390482619966832
0.285981196221119 0.00330101389058239 0.0141254589354281 40.3766581293409 0.66562704136765 1.24439335652455 0.39255925258415
0.254782035867962 0.00258945013974775 0.013343863027628 33.7580333446055 0.631157437930736 1.04108055261357 0.299087457031014
0.356864796012969 0.00295441591513061 0.0161710161339489 25.9310001135272 0.665902089489764 1.03022773746575 0.307711444936613
0.366045906938024 0.00239627767493873 0.011918943042328 17.1366318953854 0.571348285264128 1.1294283657138 0.33989900062175
0.237848697946745 0.00303797818641906 0.016588483535396 33.4072719553785 0.64900175154692 1.22893796929005 0.366445429196676
0.297792144850647 0.00313250039082895 0.015887954355254 1.37450225348456 0.636300584460084 1.18346145754258 0.409359659737635
0.933059351027045 0.00308510216933946 0.0189505513705935 51.9561849758411 0.653754468531149 1.30193993164551 0.339558975310393
0.261700262543076 0.00250489360505645 0.0158146743203429 11.0964409313675 0.599432555596178 1.2414716489667 0.384615410057333
0.40059395429493 0.00279640653454952 0.0128837866043061 52.9627936105318 0.657202981486623 1.06979912049427 0.315328934514497
0.648152307101556 0.00202218394346912 0.0106134805525763 10.1678171666002 0.564954423260024 1.18456864793534 0.377006679347348
0.736685007143381 0.0032611522860503 0.0189077693536173 6.92447917863134 0.679923177725351 1.02751662689244 0.346539878561408
0.25915480918276 0.00295730754661967 0.0151867977623571 20.9541625377845 0.656671568297321 1.18205058960958 0.441000654803842
0.370254998391268 0.0031398135171227 0.0181736933295393 7.18903045882152 0.656593666711296 1.09261263090188 0.36465281975871
0.245939306003974 0.00286082780367578 0.0137445124805828 32.476229486528 0.61818326753163 1.32367679110877 0.411047933665326
0.236908848332182 0.00317614292451888 0.0160507104354686 24.8322083861622 0.645704485834974 1.26996054646889 0.404485430143698
4.72188307299816 0.00221758541012241 0.0199117855727614 59.8669679191823 0.617883673754203 1.04603642504451 0.241059094043016
0.443334589433969 0.00317101205921122 0.0176665717971964 44.748858304501 0.679296792972259 1.26075043427504 0.394553015095561
1.78009918874133 0.00274089672834153 0.0195948539799067 51.3164200838635 0.619144932046093 1.17077060912975 0.284864682318026
0.318516920352729 0.00265893200463876 0.0108942686539989 10.2128040186185 0.599830777947362 1.15050917495036 0.367151852526543
0.249253825267774 0.00290909640209445 0.016530791618107 13.4120474421512 0.64200980818781 1.12794352967104 0.350166782053493
0.70653823270364 0.00322206044874611 0.0146354415269676 1.27559552235992 0.674156350332834 0.991437608507783 0.31658643201869
0.471254386028371 0.00252060007755094 0.017456423626733 43.815314637202 0.621073443021539 1.09884553823396 0.296905093046338
0.238636001414955 0.00255080630795969 0.0144903405756045 15.2405198103328 0.592444963516655 1.28683251117125 0.422993936065263
0.326342123587265 0.00253967538779284 0.0175738743858497 21.8490851850768 0.615487196777664 1.06626886979643 0.272104943957763
0.596050862201635 0.00205532417193523 0.0128391854863789 34.2973350892469 0.597215440631352 1.03656908027844 0.279876441049137
1.52156346224071 0.00213212402860394 0.0165459472455316 3.60252305345723 0.598779753602888 1.07912534777117 0.28944647636244
