0.187068227087517 0.00275966942173799 0.0110182929251141 34.9563882730038 0.625580003923572 1.10648372491823 0.366945908313504
0.481765793660199 0.00304733194448887 0.0158100660421771 5.10859090781657 0.610779121377638 1.39586779850869 0.487115422940671
0.39506482649501 0.00246958240732661 0.0106849419589149 25.3895118972181 0.589578474542889 1.11779256155816 0.371668830581862
0.537818669167 0.00320730774611906 0.0123767270977461 9.03889764395192 0.608349793564242 1.43425680561408 0.556772959983708
0.0831680803016227 0.00349014077925767 0.0146738658001253 16.7827555550683 0.692410600848237 1.08397373258607 0.375160076732233
0.124133276868521 0.00319456280459019 0.0119629813313175 38.9110923991003 0.666064010131908 1.25653254316062 0.377919900543798
0.183063802518816 0.00262378681947743 0.0120008223512872 28.449034837968 0.638370430963109 1.01143427936154 0.281397373213792
0.222732699419003 0.00272594741156733 0.01068088867256 17.474142391608 0.595452278783165 1.30584095642032 0.459036213116149
1.02118868894251 0.0030475463614466 0.0153527702588483 13.7873902007799 0.693728715254689 1.0100200548493 0.33078081083406
0.125695401225044 0.00294698442691424 0.010051920542758 16.7961847775895 0.65523082819885 1.04532287664775 0.391690386552914
0.199153255439 0.00308490334915322 0.0121880013614738 45.6185923772363 0.676810837883322 1.23970237751138 0.382841152615798
2.35787103358609 0.00233439512985904 0.0121021177991176 38.7201587063428 0.640739000453788 1.02426702535966 0.259779475736724
0.171535465823065 0.00348057282494916 0.0116412581256409 38.0698232751005 0.698371521793809 1.11734012498187 0.318595550752772
0.491937135579972 0.00294814120096493 0.0144372911493348 29.4454174135709 0.625406188348942 1.20149767031045 0.353904073321141
0.091410595288305 0.00290720239849478 0.0113847819526 29.2685190798538 0.637959166170359 1.14886922738623 0.39632854104974
0.302017297308281 0.00295611075378852 0.0118932887682741 43.4778232742605 0.643797722336165 1.21443227793001 0.381995011720287
0.15283635027014 0.00300074203549378 0.0133197088220928 37.1106147270296 0.674319979616984 1.16677422014802 0.377533749543746
0.107813376594974 0.00274894138919302 0.011767284373865 26.1482933339971 0.627687478606969 1.08205658332436 0.338971808458714
0.677082526431492 0.00273724985061046 0.0162572922732698 28.0244210927769 0.639738904044531 1.0349047238646 0.295485140403433
0.140042283559574 0.00336116569258985 0.0124773871216887 15.0677367293321 0.692803174143838 1.11209812535754 0.373221857788516
0.145961256985276 0.00281753914383311 0.0115671874754333 36.9731616027088 0.646185588245376 1.08752129859272 0.295276132092543
0.0793206865234225 0.00330356156074937 0.0138381733980887 12.4139223956988 0.680119776324267 1.16675550171339 0.386954677921381
0.17700811380193 0.00299238084005623 0.0159331204634734 12.0356544061854 0.632904565305373 1.29943365627305 0.447465425601067
0.0910441201689798 0.00317391948491786 0.0142290239664173 6.43955507516597 0.637078259962706 1.22238887780741 0.408958610458585
0.200302439774706 0.00292953672363926 0.0112797702682678 22.0807210260356 0.611491504051877 1.27844414486967 0.402431862078514
0.16568538516431 0.00278574448970852 0.0104860211586842 36.8619520324694 0.647264238520027 1.11087006417585 0.339260579228066
0.317877164124395 0.002923360436755 0.0123875881476238 47.8160594546325 0.669033179464466 1.05717660573696 0.289517936891081
0.0566358258614177 0.00316046200915736 0.0123392755289068 13.8226844859763 0.645502689987599 1.17117683341581 0.380091494900729
0.40684179334828 0.00267121680393053 0.0150076662837274 5.36950878069372 0.63492734629406 1.08247000247062 0.348413972056075
0.273680752744817 0.00275764375068674 0.0157199294495392 5.2115218924927 0.625394080149785 1.18154584206419 0.381035655426785
0.093786473380294 0.00297148139858438 0.0117345414436273 16.1202601581416 0.620975957366137 1.16837925561999 0.39734939136087
0.100220150679644 0.00291983468021198 0.0100467741806464 14.3444694875169 0.615017837677117 1.23925100669287 0.450726729796497
0.126958111759504 0.003307072329857 0.0162772400261 16.7004406208942 0.683624865550191 1.128883325411 0.342236024447737
0.101676238613585 0.0027932653467726 0.0116794251777743 8.30258435529441 0.635712797335458 1.09716532741879 0.355320031501175
0.962009209507756 0.00220535359319727 0.0114882032396395 14.3294292518105 0.609245709618675 1.06805789005048 0.306190832410552
0.109947515375006 0.00266712217330524 0.0101831173949417 8.43410536629126 0.610670494911618 1.14139014514632 0.426898394762105
0.274875493027341 0.00336791029508243 0.0113439174865556 36.5738066864636 0.657915379808749 1.24427917162118 0.449413665734613
0.0766143620957059 0.00324950460128267 0.0140326463209991 11.7362546321003 0.646484343698756 1.22540100971039 0.391556978190307
1.45604623413493 0.00247273483622615 0.0150137980679813 10.7472276885108 0.635677839731516 0.988845543088851 0.288394525299667
0.0614583395372185 0.00318508064926335 0.0113965147619074 19.0202331338492 0.649426001485226 1.10290737600219 0.386912100371369
0.174388246342009 0.00303850978343342 0.0156050701008972 8.8334869908201 0.663683503158258 1.10180838314777 0.328159239541897
0.105659243611744 0.00279392753160725 0.0129753083256683 17.3325612055138 0.644156289735921 0.949391601616036 0.254334074815191
0.248137302195757 0.00319156111021563 0.0114673711551902 46.9121368902157 0.671127920545544 1.13643827130436 0.375313879672871
0.0986336071661912 0.0028144679280476 0.0113915601804373 27.9456918470261 0.645999853469353 1.03307859549498 0.330015914868781
0.207973529900479 0.00255288876296216 0.0102387042002689 17.3034274314835 0.629700799814829 0.919833748088194 0.302153888592225
0.0638044058673067 0.00293397945492511 0.0118487038094694 16.8118056485168 0.63379213073497 1.06442108042736 0.355930236936485
0.0844745959763792 0.00326610252419812 0.0144637222400827 10.3879247933934 0.675975517381377 1.03232044466985 0.306583827206103
0.0697113222150314 0.00333594484844664 0.0143166591425395 22.748207004257 0.6716477239843 1.25613781166009 0.450821932963189
17.4090145924433 0.00304412454238998 0.0152377669503053 20.4156438180272 0.595380031238952 1.36837333612969 0.45805859058762
0.447634846128393 0.00279167313852504 0.0170031333350783 3.25673632126507 0.62204136963217 1.12086555557249 0.362779511591625
