0.081621260968371 0.00305347454973508 0.0149071721274043 18.3156007386777 0.642463162530082 1.10407679751169 0.318645608682404
0.0661225682893464 0.00291904875014459 0.0118795123598565 17.4001360435144 0.643292060772198 1.06359771844265 0.358607841042897
0.859682268214321 0.00332166625665961 0.01970287480519 11.5144815660242 0.680712621181046 1.09488822282744 0.320455055250277
0.31917919529003 0.00271750232854693 0.0116188178600264 7.01480354976781 0.638897524896111 0.893280398947781 0.271093945710162
0.099274747987288 0.00319747196483438 0.011735237009109 9.71028021549538 0.62965631492777 1.16408501892838 0.395468547055163
0.21076839089873 0.00268108423700009 0.0115777370684562 34.0350228530612 0.609872458422479 1.19175410847212 0.389843700432738
0.0800925559587938 0.00276047728955922 0.0102081406442578 18.2725728317052 0.614288256288487 1.20455528262725 0.42761493372299
0.0898867764309957 0.00291416752825259 0.0147353867900715 19.9819931138324 0.640795849981771 1.10807117834754 0.312559545121631
0.0830562554930572 0.00326219366788286 0.0135493232953429 29.7156007582608 0.672513891634839 1.25905183414159 0.407819437335344
0.0774992246992507 0.00297365729099892 0.0127704113069777 26.554396136498 0.655543917522106 1.076399468733 0.300469765559505
0.198933396392535 0.00227890434875906 0.0100550843936134 21.9525464856235 0.578883008874149 1.1974533662571 0.417993038407759
0.0744983849687093 0.00288210957150906 0.0130423420497363 21.4469247604889 0.62628961434204 1.2094473786092 0.434858450132511
0.38449415156392 0.00282088434680207 0.0155089383389799 26.0779342094084 0.658776015902908 1.17720708933534 0.345427018501083
0.140299088858877 0.00278581709268288 0.0137259551346449 29.3778893526441 0.647043650042689 1.10107030869919 0.332397865876085
0.165695133074353 0.00307213226363845 0.0150602567791537 28.0576488176145 0.642168382751015 1.20144631355378 0.381671100459569
0.135607818294153 0.00311807783773374 0.0120844221345897 33.2380631836093 0.680418472666291 1.07953195533381 0.394986932763127
0.111235139046702 0.00257452980832167 0.0114244254519556 20.5848693535755 0.620250525991754 1.00695357018903 0.324775097025321
0.335039346178199 0.00234667120675612 0.0122203697596636 33.430978883491 0.588420384143315 1.16516676198303 0.318711142703147
0.139686608806636 0.00347534343546807 0.0163505703192311 22.1185301240003 0.681954940984008 1.15554109458999 0.387662120052158
0.103366297790996 0.00323345361454953 0.0142913335616825 5.94807199277906 0.664164589542189 1.13916339911353 0.391101395937374
0.073653267255339 0.00324215918337795 0.0123455261254877 6.45181112560816 0.641305723704171 1.26356850376553 0.467590072867778
1.0997569572 0.00284717075892667 0.0166636470915498 43.1733586312069 0.657294414937862 1.05977932807864 0.304230814938756
0.0820011094163209 0.00291893997497305 0.014577828766177 11.891953283546 0.631377625599005 1.23291188094107 0.440238786649432
0.116145753657423 0.00341452864336879 0.0103533122957607 7.92807404085787 0.660397842021846 1.0991546337329 0.420310020296525
0.182548277835791 0.0034279996334203 0.0117622211863983 10.1900850126817 0.640753548864094 1.2413780231265 0.490333911108492
0.159089133174832 0.00303986859312868 0.0139006362458008 8.99963932117059 0.613825526803773 1.31071536742205 0.479972045669615
0.463469130689607 0.00232982684042711 0.0153676783390961 8.99539451730936 0.594016011481635 1.18615486860612 0.369174582578807
7.37405819570807 0.00249236423406317 0.0157045559248435 20.448450905734 0.648571171462138 0.942178450665896 0.248063390833725
0.147242365639026 0.00284058260451727 0.0133858129294113 31.1042139658527 0.625959581990313 1.19737548915106 0.420252003030537
0.060880689809117 0.00318965742609312 0.0126740246883315 15.1156073888114 0.662047131868233 1.10620984167308 0.342533427795817
5.44225579210134 0.00296385713235685 0.0111135523002039 48.372755556404 0.624700291582108 1.28189997008576 0.438204189829114
0.0768283053991545 0.00345799441982738 0.0127882923735465 9.07345107807323 0.671422111514 1.15907805866164 0.417024712137609
0.323843355489989 0.00277657027250902 0.0102659743961869 22.3081669406052 0.59212303152538 1.21512790088572 0.43468376521683
0.0978340685764445 0.00285925734662278 0.0140511476274642 24.9109941898313 0.644401757725699 1.148393916634 0.351661138755495
0.0938202013335235 0.00343830706411245 0.0139973622320305 11.3026755712384 0.683960916833192 1.10609270110684 0.392919781429716
0.128610221173054 0.00272821524532186 0.0131375952526069 15.7383992482284 0.636020386303824 1.11374515024764 0.390044920827075
0.555826508476204 0.00344662598718938 0.0105084473959586 26.6760311448548 0.647828932835739 1.32505745025646 0.503222427282931
0.447067173818599 0.00347451962853421 0.0187237555639436 6.32737564663744 0.684997607661046 1.0645754273396 0.325306193578201
0.349363743419846 0.0022849280351758 0.013406523510397 3.6240722150221 0.582068339981246 1.01880192466544 0.319893810267896
0.424578844731008 0.00320600865915144 0.0108875821356402 42.1740323547218 0.658730427192094 1.20389591206282 0.421637297527398
0.0686987800713983 0.00340635965314122 0.0129945935755157 15.225749392841 0.664034412116579 1.20270561099649 0.413818593531424
8.8850973351086 0.00211148629976297 0.0103958011324985 11.4924954551726 0.611932315262005 0.934140767249434 0.303427636036848
0.0866403766044221 0.00277336394711394 0.0124727243651072 24.5333427864765 0.61917516313697 1.1952170421364 0.352407960283884
0.225358283468773 0.00273445963691574 0.0115149856095462 22.2202328483007 0.650670394154024 1.08470414272774 0.362010461072879
0.0633315869950032 0.00302217246416786 0.0117848144280325 10.0201099914343 0.642553174480113 1.18083407996465 0.410922550325353
0.186104642496606 0.00241948905512434 0.0124787802803305 4.26908996526219 0.587156773977319 1.24899966132568 0.411142296559257
1.07018822953156 0.00334338183693539 0.0173633886944223 6.2187367249034 0.69475009625863 0.980190772331689 0.29359225250113
0.136037999149565 0.00297945650843423 0.0148758865807924 25.6594849366126 0.634528166843235 1.22002062829307 0.399235137687643
0.581729615102632 0.00333424387268492 0.0118184471584244 43.9526104114117 0.669953802115892 1.11894209015189 0.361574135457521
0.171877848203451 0.00275152528936893 0.0134377884497109 18.4754670301062 0.600535458163681 1.2669204057408 0.440564002578967
