0.146598400375254 0.0030936608502318 0.0156906591850262 1.36777935815464 0.651082861885727 1.18855181908241 0.394205619891434
0.0716696027766123 0.00301406471104 0.0133567833636726 17.5681303935729 0.657113464450877 1.08942255700808 0.331002554435084
0.0918111705404943 0.00289785726634495 0.0107832470120585 6.92999654060625 0.611600347074375 1.15059807557027 0.415816661775223
0.55162967377805 0.00298046922005796 0.0107739022775699 51.509545607125 0.645394361670304 1.20720234127052 0.388077773930523
1.32532253768284 0.0032190259822012 0.0148971008164085 45.2065689246186 0.653665808589914 1.21058111636669 0.327189702960599
0.115312607849171 0.00293307318875379 0.0132178631419295 20.9998680295375 0.624861836922998 1.20642772737236 0.445340546059349
0.138336990754125 0.00306847923299435 0.0128117033326832 37.162106917284 0.680240910182051 1.02594336096779 0.317737121061834
0.0804247844109832 0.00313659775287694 0.0102206709099073 25.2402311057982 0.658090742368622 1.14167899278295 0.405782677208091
0.284710188990454 0.00331114494054045 0.0141721744199367 37.3423879122328 0.659664610360666 1.26384857700061 0.407972525941045
0.0846820466905453 0.0029488004091568 0.0140585843038841 17.76336558444 0.644264225562912 1.24578475706869 0.383247482591276
0.313297775332101 0.00343867511586481 0.0125063359572686 26.6678569800767 0.647831607785296 1.15263484950712 0.393544688957241
0.347333475462009 0.00330363116441386 0.0133026038145829 50.6494016753413 0.682156073067055 1.13815420194109 0.349175436579704
0.0646501804304983 0.0031469934008575 0.0110561903028066 9.99196447668969 0.639192320681849 1.1968000022892 0.482650671550055
0.224442616962252 0.00334828575287245 0.0140658703996075 22.2137178863965 0.644135006338024 1.03005992104364 0.29049091342216
0.0845297239865853 0.00345736228676124 0.0126295354979537 21.5146006232534 0.690627214542624 0.966750613619942 0.327689862358159
0.0780516144973572 0.00308378442993994 0.0120815275251619 29.3648605674407 0.64634048247957 1.17452610586409 0.383586401189517
0.111625930960651 0.00277714833899949 0.0120801575548611 3.19227011718418 0.608863245469259 1.15871200241825 0.403533301967787
0.661403873990542 0.00289758726981794 0.018002228645635 5.05979712090845 0.643879010554631 1.09818981350804 0.336955205784317
0.0754449656375601 0.00316458235133752 0.0148713989897212 13.7919096348592 0.65624144303968 1.13103031399683 0.405214062585327
0.93837035700059 0.00329967013759943 0.0176171773021781 21.8845731135816 0.644313047659209 1.28627001028189 0.426757754124173
0.190393855192778 0.0033676422235022 0.0146821086505843 13.5652455735446 0.64199994431969 1.35299504236093 0.469221488499425
1.28848756153471 0.0033414778569661 0.0164756256602531 51.1364331600534 0.687523254161459 1.23208523667763 0.372561071523079
0.19530300592434 0.00280868734616296 0.0126696879602071 18.2096156336638 0.658527414134069 0.966907636606182 0.266521381829523
0.125902207873699 0.00277259614635587 0.0124545219418333 10.8621913342719 0.606824140595614 1.26632522994865 0.475601714431871
0.318652056922232 0.0031938717485966 0.015891021066842 31.8373315544279 0.698382088842944 1.04906175628099 0.315598104405746
0.0825584216237316 0.00310601723481657 0.0118462150863282 2.29111586914039 0.648734191581942 1.14469320066335 0.405922767116797
0.149382923683932 0.00290914786550567 0.0153506450911395 9.6503630109673 0.630770127593684 1.11077825512755 0.402053963818141
0.0883920481227863 0.00299058275028358 0.0121919207193663 26.8159288749492 0.634530406243617 1.11474850205351 0.341712721327829
0.108269236220225 0.00332767693009542 0.01588322869903 24.4485872827365 0.67616911111039 1.22628021941274 0.429555153552135
0.422247846422722 0.00284661873374745 0.0108249788397558 30.3123772184829 0.603850190591678 1.27821566897566 0.440408978607935
0.687435012850706 0.00276173574873452 0.017459821585238 5.85874267815532 0.63000338620953 1.13344156894275 0.357087388502847
0.183246827962742 0.00336504699828426 0.0103185851999444 6.31602999434264 0.634506415058096 1.23194908314435 0.491870087682674
0.246580176142343 0.00305678501927141 0.0107196070184327 45.1489289009781 0.67967694327973 1.11019076565527 0.387823008176416
0.117013860020545 0.00333634661742171 0.0102031568147263 29.1095139373646 0.668115046793247 0.974269995460656 0.285132483907546
0.060008744011478 0.00303019437867183 0.0129155575112158 10.7065594234486 0.642364208082711 1.21555542410975 0.415536906894018
0.0865861179925371 0.0028308936600309 0.0120592698159342 10.0185718127206 0.615576991822231 1.20604706626249 0.437185404932413
0.16586940011678 0.00341993314492467 0.0136718332701047 2.82482730265605 0.688145037176364 1.04705405728953 0.334708392650675
0.235479964971809 0.00272693210819875 0.0139544539403325 32.5537790953284 0.637555427946626 1.18333607560067 0.367761658870627
0.084912036395594 0.00341763121223972 0.0124848251716468 20.4921104144065 0.659944171519892 1.08745522928133 0.374393033862728
0.0651683079845017 0.00320936205623003 0.0127258903891709 26.679943935939 0.658204549137593 1.10720701464431 0.378915058713391
0.257440452255957 0.00291845286979458 0.0141330067805586 22.0786855132204 0.618025821374832 1.21966368281108 0.414919708109081
0.0678404399724607 0.00312725528180009 0.0127119463080072 9.37681145042048 0.634790987757963 1.15552951723661 0.397538036836923
0.0739643252576735 0.003387816414201 0.0140715278468118 5.16941031763943 0.668306818843798 1.13981619641215 0.376936959710659
0.0761444193955304 0.00338729712747378 0.0136895729874099 4.25358941790165 0.657831310298277 1.23348136665103 0.424467213289966
0.075992067234189 0.00293374715895225 0.0107097159761162 6.13625850945322 0.631788589165145 1.13832359357227 0.358614205145382
0.277499124758434 0.00349873075857409 0.0105058400567274 15.6171913820924 0.644427602732175 1.13920500478292 0.417737023136553
0.0800305134239027 0.00337743559287731 0.0117660037358263 25.4099960978422 0.665521870547527 1.20060805071539 0.41557927984183
0.12615363830895 0.00262729414097258 0.0118018686058542 16.7071906592418 0.607538256195541 1.08797965421444 0.332022588157645
0.0859446625962196 0.0029980894466743 0.0121640182637332 7.79003754314442 0.619762456700874 1.20813148274735 0.427972776176182
0.274560377767047 0.00334536652769064 0.0139423813458841 39.4077082428959 0.665175918855776 1.26369881232137 0.380676140601987
