0.287319991850696 0.00281215511274351 0.0193405028396249 18.0413674484547 0.634224334218694 1.09156236184856 0.329743213606831
0.365579251507169 0.0031642360270864 0.013757182589025 43.9643567053312 0.662306036395006 1.15560922477454 0.35511118444232
0.395002114855496 0.00302086245411727 0.017337650176751 41.8236002399562 0.653404786289541 1.3425422494699 0.430209666010779
0.888847474782709 0.00251964244207592 0.0179194379236385 36.4695430897472 0.603412157686549 1.23949854140384 0.342905437860758
0.5843000676711 0.00341311534483226 0.0187107748770422 16.9573027555878 0.697451453513708 0.988297418440195 0.268589954387265
0.186478823345507 0.00258987910226439 0.0131734456716228 3.85572771756579 0.615591683261113 1.10557446813729 0.326057964019903
0.65375754340626 0.00311944634743776 0.011633926328686 50.5834821086025 0.691173658895431 0.897356840330827 0.208491847602817
4.19016397351369 0.00267781568562423 0.0139811239521666 43.0127698588037 0.597327214017518 1.3526086431827 0.42263564803578
0.104006653573621 0.00322617723151836 0.0129784577129349 17.2538910852896 0.647546495027945 1.23386200243735 0.419717545862176
0.0936875853835792 0.00305973318103095 0.0126107816471281 24.8278275652679 0.65389478723125 1.04318078643565 0.337336584389047
0.13233092517022 0.00259804065587758 0.0111870443326105 9.13166569501112 0.594744808371681 1.17402168950569 0.408595980407039
0.248929750759523 0.0027912103586525 0.0125582097945448 35.5735359404057 0.625317909731353 1.25188335067215 0.415802744083727
0.141540221172286 0.00338652548199274 0.0114698291171525 5.37241446370051 0.665866572100972 1.16043390465612 0.448691549705266
0.130611742756316 0.00296281459455678 0.0149507110754045 21.3483918398963 0.629297035452768 1.18816556829826 0.387665794235782
0.159118674627463 0.00316467941130136 0.0133046295223152 19.2075640414836 0.675861214561235 0.988692503259265 0.302383334381119
1.18045340555706 0.00261945931615667 0.0127635114255751 2.92187665967092 0.639665647652361 1.05736907465816 0.34796123547868
0.154637643119302 0.00294929843759292 0.0142228293361328 4.95625951076779 0.613144693409491 1.19377370345521 0.382013010374373
0.352398253743501 0.00243506752504805 0.0101389215192623 18.6938425235589 0.576687757361911 1.25906246915587 0.429571708388633
2.30754259768576 0.00306667174436651 0.0106709793308111 25.3428426883622 0.696731853389645 0.864091951047409 0.272608598302596
0.375650574263987 0.00208620863149152 0.0107569726931178 25.2884389523004 0.578161114936722 1.12339481236351 0.353668860304925
0.323801572389059 0.00247790615401897 0.0147837951121401 38.0359340291959 0.632814456306986 1.08584411378682 0.277769449069973
0.123569726400559 0.00258374486814115 0.0142436958742371 10.4333873889956 0.602896154384244 1.24855735357603 0.431554086643362
0.248558465476052 0.00324889099998522 0.017867475262426 6.50932157177849 0.652510262295903 1.26937690921534 0.407801778892221
0.178784079619928 0.00230273889473401 0.01181204786235 16.8512028642411 0.586875473168691 1.19323882093049 0.423946014510295
1.48355889318859 0.00273343213670783 0.0162903890209329 44.0248490557053 0.680120330053007 0.972633572026671 0.261321609897718
0.138724455913481 0.003052833212382 0.0139360997434079 3.13781378609993 0.623003370204663 1.16356340670078 0.404183538609827
0.127159530150042 0.00262688501439989 0.0113238421314912 24.3969769545185 0.619430439165634 1.16010155349415 0.41295018359792
0.441748487788296 0.00215067369224142 0.0143290356005699 15.9227638133847 0.562062579260743 1.10982883684846 0.316458974878832
0.272550028948965 0.00294711894825878 0.0161122306033642 9.32917923139333 0.655421284615627 1.19188313801914 0.397706401128848
0.324689452898435 0.00262381472086849 0.0156716120453088 14.9413091501183 0.63917098592179 1.05382526119826 0.326608247754258
0.21321553862619 0.00314807077831095 0.0146181441186682 23.7087468445434 0.682219749294825 1.06898510448875 0.341954732300538
0.0974579143970777 0.0027500811888452 0.012355307821877 9.55701514259702 0.62153700261881 1.18514351586835 0.40640667658753
1.29828234257941 0.0029565985189425 0.0136212589692767 56.5118574242889 0.692619132217813 0.983100397089047 0.247589989341391
3.08512694644514 0.00247935242990287 0.0186265566529342 26.0895766475747 0.656166358490489 1.01134047140768 0.294660191584458
0.104650628035763 0.00321628478199201 0.0115755904419629 8.37733345329175 0.654883907075127 1.12559188635994 0.365694010343721
0.227446337940977 0.00313315741874299 0.0138363101730686 13.5971391585303 0.674092991259728 1.07166996537088 0.347294443974761
0.780935909729957 0.002495549172106 0.0142445445542773 15.6946837637341 0.569915359358869 1.36678033221878 0.47487202184341
0.211852185910361 0.00261810705931481 0.0158846181147098 2.34231364970022 0.608089502438182 1.18484982998426 0.428691201690457
0.551343618380789 0.00203960951363252 0.0130309715751604 6.30517581216253 0.580820519436026 1.05003714380242 0.305516146168684
0.146060412784364 0.00278887177115663 0.010394740810283 7.80084099446478 0.630204133812038 1.08674757889793 0.357863263953907
0.170234081307077 0.00312215167285075 0.0173947729431421 27.6049241576871 0.664114102780349 1.12266100422607 0.325853444005526
0.320889912489678 0.0029498523065225 0.0118726221561033 14.0074689730888 0.602645463625729 1.25067471396134 0.433233933620032
0.545402698514476 0.00255698715178495 0.0115041704937896 10.7453351488189 0.570040737619936 1.29186442556916 0.459801978796823
5.08206985121569 0.00262576870229592 0.0122747581709161 23.1996668646479 0.671234176532284 0.901149495078127 0.256788811953685
0.824528603322555 0.0023411287815646 0.0163692958189605 22.0484360501432 0.571535218913094 1.2575803686628 0.393923575640218
0.349135558492485 0.00287656896489127 0.0197639795464514 18.6249446000405 0.628328781262164 1.17645377165991 0.330341809034266
0.129861424631308 0.00270762564279157 0.0141390423298335 28.9181972360394 0.636209705458189 1.07566011618884 0.315411510118178
0.184597381822784 0.00336978172315301 0.0140896363853579 8.59856833036589 0.678800433783261 1.00599446566382 0.303289164136214
2.52769969647452 0.00240457050704888 0.0163181103377635 46.6740557785921 0.596568357864606 1.07395206436402 0.264040201164528
0.331171706933557 0.00321489602470298 0.0127186418412644 44.924911200175 0.673285068084335 1.1969258493323 0.387571897648489
