0.0830059836315555 0.00308633357473972 0.0126809585074487 21.4515737191562 0.668466032039806 0.96348727398392 0.308864863714659
0.0869604700583896 0.00299714820454766 0.0100431029517282 14.0435608457044 0.619735643025106 1.14682090855427 0.406990431887249
0.319457246595943 0.00317487090749443 0.0107187429733558 43.0475161607574 0.666988035831067 1.20479793133456 0.419878933603989
0.090615756856372 0.00320586135169357 0.0139468490771893 26.2225966446459 0.67953862603992 1.03043049157601 0.317747500668182
0.105186846892337 0.00308736438182235 0.011038357315397 1.16119236592006 0.61901746613164 1.21356582299699 0.435515400680068
0.124106977443197 0.00331427402675179 0.0105703701947168 20.3521895958798 0.645597228596587 1.19510314529711 0.408292572676874
0.0759454231044233 0.00315490914884326 0.0106782684975856 7.01170280095753 0.650952941617027 1.19597715378403 0.421313139800005
0.055857185132276 0.00308077274467036 0.012723857428957 22.3807013627571 0.650296041680517 1.14411459899912 0.392239717265468
0.573360739585575 0.00273861006149397 0.017312452872199 6.55952242308575 0.608759296072798 1.17909604942935 0.34740609107383
0.478941805740839 0.0024005045856072 0.0159237014391977 20.351563409328 0.605408057436389 1.1357122846296 0.326584781158984
0.128375529756218 0.00304860651971447 0.0126316180153546 34.3080018727073 0.673603969847937 1.08254646728994 0.335137356284035
0.102160545982164 0.00334878341914504 0.0144665275954046 27.7612097211895 0.670613861928813 1.23801381126307 0.413659012096617
1.7561043859235 0.0030395714749794 0.0163943861114774 40.2166440486504 0.641787828964311 1.164122093221 0.318563753504593
0.150578643204701 0.00249958373726331 0.0112148365787978 27.5740440444014 0.618445714138706 1.16521452829007 0.378484348865194
0.145962311356176 0.0028192690335377 0.0103801612807253 34.310179951254 0.644258607750315 1.19055626353908 0.400821642792052
0.323180584672236 0.00223743535297445 0.0126593090910578 26.6068074425603 0.580406730926918 1.21472423697512 0.363337849915474
0.0900182720574006 0.00322499290885707 0.0142958736729492 9.28101751579826 0.640864569145768 1.21104217729977 0.422453717287667
0.290835001262216 0.00306455843277888 0.0100468754408884 40.7933165147188 0.65536228411439 1.08075699773921 0.320615013107138
0.267035301833037 0.00328726573324239 0.0141813412962656 44.6696135034659 0.689703201833724 1.15170610422423 0.337139444652381
0.0722564489517176 0.00292529956267378 0.0130102735383518 26.9683858419884 0.642853714303159 1.15154727088867 0.363591531581672
0.367733211832202 0.00244806622342544 0.0152089278067138 20.7583253536144 0.592400737170178 1.24336379703223 0.387700283040955
0.462911183286321 0.00224259238522609 0.0112163880019677 3.62487979623241 0.5546103260477 1.20242248143352 0.374680253432904
0.14776073054753 0.00348498438675245 0.015203158248185 32.3519456122569 0.698749281115367 1.0890435670934 0.34914665327148
0.545760068056602 0.0023188582819628 0.014949516159583 2.03353844090437 0.573403898464625 1.15159703101138 0.374496685920589
0.318030303689093 0.0030660994292792 0.0168554443900329 5.62714394087057 0.628936917478429 1.14354600742795 0.397508466092066
0.06594850108194 0.00334726421862807 0.0140074979170999 9.96733484660865 0.663622437039017 1.2077176163574 0.436219152063029
0.625905504470072 0.00229491253781375 0.0160130253937659 10.3462955339439 0.584432936547693 1.15573950187465 0.344710499772552
1.22073138210909 0.00285698569901452 0.0109993208271067 53.8207177222784 0.648348134255714 1.17620876738635 0.338579260391894
0.0962734795513138 0.00341781811326137 0.011020581659436 22.4406571462131 0.666961145670663 1.15986662214298 0.447129849759654
0.161638792196811 0.00249784917313529 0.0136039805796985 7.88934807547272 0.597630727291172 1.22358845454132 0.374814056296898
0.330347116671364 0.00242045982478735 0.0142104780453899 30.815932762115 0.611365539323365 1.08309506520584 0.324302768399928
0.197886793047986 0.0032976144772101 0.013126117508783 33.3303462019452 0.658441462166437 1.16394509456868 0.373162349234402
0.100747057805557 0.00307223247685213 0.0117574626495908 19.6157201375885 0.668111058110217 1.11872403361431 0.383791280459709
36.977597535417 0.00253108729079775 0.0170746063642781 22.5397803632808 0.568486461254805 1.29895680153279 0.41074490196807
0.0568454472894861 0.00287280372009814 0.0119306328574615 16.8251473825436 0.626724525660394 1.14876803046254 0.373038624844462
0.0536671671658039 0.00310802406485104 0.0117072717604643 19.3886040195048 0.646352296807387 1.18947005295583 0.434144622492073
0.0651420380956178 0.00301218859229224 0.0123687101010526 15.9178778380562 0.628151035921945 1.31221003488806 0.454676647543032
0.209613624651539 0.00322474347531445 0.0169472862112283 7.74166647556194 0.65383588758879 1.13973895177972 0.381395885268338
2.76075697921783 0.00245517372630345 0.0103425153511877 24.5931973723928 0.55482377619301 1.19548055216032 0.401478021835429
0.141035508881569 0.00241208515274834 0.0101072651748574 20.2240438849324 0.599372334928348 1.07105556652047 0.356038538496239
0.287423593133483 0.00271889349983995 0.0158202574305084 25.3167287068011 0.640540203579413 1.2401894199907 0.380643521218271
0.0844019543923855 0.00272789366279196 0.0132195700700734 21.5748352231109 0.627089390243915 1.1361029452361 0.370747802567749
0.243440821599088 0.00227946793326139 0.0104223976159423 30.7529986702269 0.5886932022003 1.22430365368564 0.371383146847438
0.205459469804231 0.00290683998080166 0.011729319466495 2.64918556100214 0.646508619272594 1.09197282448126 0.387885255496001
0.73405604369334 0.00343863688914053 0.0106890541620041 18.5180731204618 0.631699767004136 1.28615537839807 0.462416623510992
0.106816593445231 0.00279260836781659 0.0103382582430211 25.2155769686738 0.640039018365272 1.16769962651389 0.405067755629399
0.196423168246062 0.0030664656939041 0.0128904794359008 34.2487768966429 0.683115448762855 1.1693193280818 0.350624509076436
0.575342944596855 0.00323516536359637 0.0169690024301162 26.4197211050488 0.69711308957376 1.00292013561085 0.307100193420829
0.322357664171215 0.00313882365608049 0.0126492776573255 47.2685701317036 0.682621722104535 1.14285473900482 0.366908098395847
0.157005075749479 0.00240641817990365 0.0112431676955006 22.6761994424468 0.606984107092166 1.07365367029681 0.286598723811479
