0.402180234952838 0.00324230046287769 0.0156301632507673 54.2013770962353 0.671364688310111 1.30189149355387 0.327605393147509
0.863375985756929 0.00256362944536227 0.0165094800925766 13.4436229096753 0.568177604903717 1.36112607831349 0.425445596928371
0.173555154991782 0.0030444352300807 0.0156016068968152 7.59694604840688 0.640973258930533 1.10782822032605 0.354917981895235
12.1844445240231 0.00289143142230612 0.0160095070055729 44.282627438399 0.579998332939402 1.53842426721142 0.477261345025616
2.45562167422064 0.00227050355572043 0.0160133200886317 59.5659644924153 0.633683971449215 1.06903048767425 0.227171508230077
0.448060283903687 0.00281945113881714 0.010962227091494 32.9553702401563 0.655228944341916 1.07824053694567 0.394671287970037
0.201671384928683 0.00318653296022856 0.0164532342579198 15.2353279238643 0.665230397187279 1.13892442595275 0.342962148077174
0.209649015657307 0.00287486000278453 0.011222979833864 15.9097581439595 0.628642568309294 1.14004606519517 0.373229823544351
1.01183897415203 0.00261282449327282 0.0153664015691248 66.8952370330737 0.640291756486968 1.24416429625763 0.324380330172718
0.190529086946578 0.00316336792577213 0.0165454177714255 23.5186319921954 0.651346994962952 1.15860796054933 0.346949533563696
0.19728191778759 0.00272035708402783 0.0164861580757641 8.86462811134821 0.613747723955086 1.17576000844229 0.381579150772606
0.212118400157515 0.00290914957443338 0.0149577226570549 13.2511737789353 0.611907602215204 1.22423249665867 0.411489806298104
0.620139728383375 0.00284209755847592 0.0163221652669711 8.14927420631297 0.660108188752571 1.06674011872156 0.331290346513509
0.419486525998809 0.00237924106990071 0.0139741950974659 21.9138344850378 0.567736091474188 1.18375171677128 0.352643535828771
2.80617895286308 0.00293242066295446 0.0172327556419657 5.2393334503225 0.577037848868432 1.49950187373615 0.540345795424693
0.284916966884256 0.00282766774136589 0.0185963588580799 17.532057145711 0.640261958341251 1.1866767271279 0.360889635128687
0.232982344195085 0.00271927026374227 0.0103309022039434 26.2485762690025 0.609227930316624 1.19844277098355 0.366828612600291
0.353058745921613 0.00303986074719235 0.019800856225424 11.7919773520928 0.643729653627653 1.07871570931517 0.307137299948432
0.307255850971458 0.00307235238788279 0.0149019740913143 51.918320427478 0.661162695208942 1.17044932863916 0.33822840210307
0.303118023025483 0.00302603529602138 0.0149750734718769 1.70039634334753 0.610597675040688 1.23498403302836 0.393348152079131
0.383410601948532 0.00270608756068608 0.017674631932988 34.789647559261 0.644963050353175 1.02592097702338 0.272401792465281
0.57865446820151 0.00291226596971781 0.013283007266795 12.6445545058423 0.587018110622774 1.25550972797813 0.431381713871722
0.315656454737337 0.00308317932458375 0.0182166009785346 4.87025670116465 0.660136806424269 1.0841764899449 0.320977144131823
0.340973441627854 0.00295078768184747 0.0100051590976776 13.9937581577746 0.609153209616671 1.14027621351452 0.399852244748125
1.05215683892878 0.00204088129071871 0.0173734424684622 33.5505581781794 0.586706288830557 1.11657042487977 0.2965680542459
0.804741041901468 0.00331555420144134 0.0123399103377391 10.4887241134587 0.686226324690117 1.02366949079944 0.326360066583774
0.548148993474207 0.00261004063579544 0.0171010057757726 16.5192079877486 0.582369073940146 1.41847476448085 0.467335308767348
1.59493714149151 0.00261529921622235 0.0186801961910826 60.2588438124444 0.643142298287765 1.17700105240856 0.302773530871638
0.366773207642506 0.00325893920922347 0.0139555086624823 7.2936892045525 0.673982857853407 0.999698505599201 0.319910154115868
0.20936216597028 0.00259060216171914 0.014710761644855 15.5971611598535 0.594150360564605 1.27438781945243 0.42677944969672
0.46034741174963 0.00243122519258849 0.012415696463179 28.0806872508486 0.627131651546971 1.05814869709526 0.326500270783871
0.659548003084156 0.00246190636809163 0.0137186224359469 40.354565335442 0.64059188187259 1.01240248965457 0.271652473960117
0.336995209621567 0.0034979899027252 0.0147239924000405 4.95953879393942 0.65625188475401 1.14085351117135 0.397218669483835
0.473518745238364 0.00332063054770386 0.0103003873010076 13.4658505650968 0.63502467757621 1.13663131180471 0.393753462581119
0.565024101775431 0.0026736107611899 0.0117583654324289 57.7644637603064 0.612034124027595 1.31939610515425 0.384562240516001
0.418662893679785 0.00294029170257672 0.0157272380198877 21.9462226947581 0.605848878988911 1.36671072553582 0.49765193241025
0.279383774826727 0.0030377761055027 0.0185520262665448 3.29824159861109 0.636229419247904 1.28452290004797 0.427702379300737
0.331089418616603 0.00296003919562394 0.0109313590283995 3.31386686529481 0.630800906675561 1.12710454006285 0.388991650332065
0.885040210390925 0.00297154156314012 0.0165285286474294 46.90465612092 0.688963150127064 1.04651125391587 0.310843555063519
0.358313001041218 0.00317233845911753 0.019288816113056 20.5798175914082 0.649635360639439 1.18492875613026 0.406864047351973
2.30027623965592 0.00294076267901056 0.0156629166765569 10.2052334612905 0.683093116038853 0.925435663932182 0.257584604717949
0.756198387550726 0.00298257034443454 0.0144386901865491 67.5885107377654 0.648759002463342 1.33346003999872 0.375162973004994
0.584809848330526 0.00272696565144354 0.0180498988242008 48.1571534054249 0.632286028900966 1.09555654762604 0.273896205249409
0.529592970624107 0.0024329969287454 0.011827055195375 51.5486624806707 0.594399554760082 1.2541230486369 0.37697996577791
0.878306251083501 0.0024624225170065 0.0104986936141082 18.0211821257992 0.627363242745525 0.99317940958817 0.309258425976006
0.199760491608124 0.00327049444115144 0.0126031747454688 21.3574859967521 0.657091510213799 1.05110519171859 0.359269942224149
0.205568534323663 0.00291214803488005 0.0170565699515826 17.9448561163786 0.62688702018729 1.14801532281078 0.369371282945859
0.955533891726293 0.00281429227195737 0.0169836641614518 58.5827276038339 0.669474377054755 1.22260960573015 0.304900210685449
1.2357835668059 0.00314318124720804 0.0153773287565394 23.0144109580602 0.603981708919452 1.36264186622623 0.456133687865619
0.379466284956116 0.00316137744820943 0.0135916017166355 50.129522251717 0.686092498872 1.12500949052394 0.349239530964834
