0.181713083531338 0.00318518947500017 0.0161720067180636 33.0565170921131 0.660366939980764 1.19873735782583 0.3808810149704
0.378345613512372 0.00301790734976376 0.0116519335261317 25.5461159459033 0.614937485201595 1.2883878933723 0.460271587566921
0.239274994958111 0.00308925641298026 0.0102494752576183 30.9254785302571 0.670650911886431 1.01933447108535 0.339721083881074
0.126574027025426 0.00278259664829933 0.0148984366964797 23.6349162662523 0.63698000810597 1.12061481437474 0.342468736383056
0.339184028841816 0.00347502317390998 0.0148666819610795 11.3590665735303 0.691719051336417 1.14843683914752 0.389164260846038
0.242829008351902 0.0023664494544717 0.0129593242405731 28.4981739852437 0.612759915702157 1.06798284980523 0.325353598958379
0.239028899887945 0.00313751840248162 0.0147562923311901 44.6987107542715 0.669922899265463 1.19287081914819 0.332980608698557
0.693852836526838 0.00234611662256626 0.0113864569463098 46.0007506494103 0.62686303090468 1.0441811622322 0.264367598094644
0.425056269826066 0.00251700828160983 0.0180703766487332 18.6593074643531 0.593004622242312 1.29015526159171 0.340880625270785
0.637866571369382 0.00218942886888684 0.0137719023185977 5.19848230497862 0.594327661505841 1.11477374799378 0.330553934612493
0.964341265947486 0.00221752088455329 0.0151363243769209 47.8275325758681 0.615704718014533 1.07989753584388 0.2873564227495
1.23557583921482 0.00257968927478465 0.0149501576739408 31.0961402581351 0.583395450984028 1.31438421398387 0.429269642354029
0.435306857676864 0.00227009420502438 0.014562313720607 2.38127621586053 0.591566121205664 1.18140369852091 0.364185701517458
15.6658675119672 0.00348200867963428 0.0134399511239416 37.1389601135842 0.624539131847725 1.3874569894632 0.489629972593217
0.189208482945958 0.00320864052405799 0.0150825302610875 24.5309639848798 0.644314557460761 1.2492246322916 0.394165742855663
0.189393046328038 0.0024534098819579 0.0132420509162067 29.4770942645356 0.605327720194168 1.21511288404919 0.35991690606998
0.406941171241107 0.00338718088470177 0.0178148447043303 42.12073995065 0.684283407764428 1.09721094260302 0.346948608023495
0.167559935495035 0.00265310946485546 0.0154881734193655 21.0437823004367 0.630426325948264 1.12485450246392 0.352707461564207
0.151041950715871 0.00256169290891957 0.0150910519781152 19.783472505829 0.61187907371619 1.14176514845296 0.350954455815984
0.243073081865144 0.00227705123889702 0.0137193835694121 21.8268790765249 0.586400322999591 1.16525619683898 0.357861896950232
0.20564385452419 0.00235244115902198 0.013885795550423 21.0415419336374 0.602424616629697 1.14277825207598 0.313015534805844
0.173359219677799 0.00262995461766052 0.0104343469181174 18.5967488323797 0.625259445460377 1.0944889614788 0.320997635774259
0.151404503726487 0.00346582878489976 0.0121694223813513 13.9750966768228 0.671803188186368 1.12909984387586 0.421765582815316
0.29978956135781 0.0033677725298252 0.0159748585773386 24.1765290808825 0.694002051329116 1.03071964495876 0.312892296538112
0.854332600244324 0.00260646748242862 0.019781964946772 35.9783223450418 0.613799879461152 1.30501488664222 0.377814213789947
0.165147799775023 0.00253175381299273 0.014005590371876 10.0094103828868 0.61059194276037 0.986622720296103 0.305561999158773
0.185001035443663 0.00236911582493531 0.0114614171840677 20.9656357371075 0.59807596859585 1.12040906494414 0.350206647107136
0.21469422126233 0.00335970888339172 0.0125527417328713 19.8863110991145 0.685580593522716 1.12328463758933 0.401679302963215
0.115416405435671 0.00314388411762689 0.0137445810726782 24.9508324829437 0.66248327253258 0.987801491566127 0.313892804868687
0.130470883045418 0.00328892012534062 0.0121158998802769 24.4337468090269 0.668880455345156 1.08103695503581 0.361323268645923
0.147215497026533 0.00317164160760522 0.0141959306240579 29.2947704876414 0.651419001176943 1.31693926186403 0.461711090000067
0.240402260586307 0.00323089892962115 0.0186470141914346 14.9235582833936 0.662778243496372 1.14097162294149 0.362489083860245
0.182058298256815 0.00242425363803559 0.0145695973154241 13.9813828625598 0.59630755069145 1.13061377653453 0.369006407605925
0.279936604052927 0.00316723923734802 0.0169901471357622 40.4062270204402 0.663834335925368 1.01889498689176 0.285801429447136
0.333661602454523 0.00238944373169511 0.0140564953788124 32.4619007933317 0.623174503591649 1.09632564764385 0.313475410331259
0.121754925811463 0.00304835367649706 0.0147576435539455 26.8648582650349 0.657905116537752 1.18823048930186 0.381320056905078
0.192683562326471 0.0024528768260459 0.0112520900348285 21.8696674441883 0.592022906882022 1.21743600989984 0.3875147294356
0.414986552761029 0.00335821737789238 0.0115284559975014 47.3076776771861 0.692437468164957 1.12064115140162 0.322983344654777
0.241044396242455 0.00290521865404169 0.0108228384077508 41.4893620365647 0.649148934313473 1.01310436735934 0.329222407147724
0.981310283886201 0.00219744615133199 0.0142471709567484 19.0031617026209 0.612808431093926 1.10573732858481 0.36512702582676
0.721737448914996 0.0031058028248331 0.0148183400098565 50.2617078228024 0.65030548311855 1.2920415683905 0.388188642031317
15.1700503474501 0.002901209388729 0.0160525581555815 18.0177624880509 0.575213826904998 1.40322318021704 0.470591388609073
0.108866120836045 0.00303695212587619 0.0110182462920411 17.1076106207663 0.644498236925805 1.10069927195106 0.370857099210841
0.155419933331694 0.00286742932883755 0.0160977893981806 21.2496825291266 0.624152433644752 1.16793065915154 0.409681079664283
0.281673480371925 0.0026959449381579 0.0169223626907434 5.10674628102522 0.625983976508231 1.02935049903472 0.322246553984847
0.216010852642979 0.00246852654908316 0.0129158058424035 21.6925580925958 0.589504904834904 1.19267166083508 0.377250060898978
0.396541160682979 0.00233533996984256 0.0112896203295767 18.6930060340699 0.613855355077546 1.04448060202078 0.336768915446928
0.476469464809327 0.00342693372992582 0.0197080465239554 20.3593759698314 0.688750016506947 1.19100146502845 0.381158969386194
0.141550134435269 0.00313686016442168 0.013968018243475 33.1572291845167 0.667786105596454 1.12602701421913 0.368400149955712
0.819738190165719 0.00311509323279334 0.0152899005632052 60.1711458367534 0.67404870967294 1.25058689341801 0.341474228367957
