0.0833862727289313 0.0034493976999734 0.0123104400189759 8.22542299816052 0.654101431105511 1.155033835901 0.414722702200408
0.109512291193311 0.00313311934083242 0.0102625853162451 8.76376128558623 0.65909693637604 1.01503602099385 0.312059085000386
0.2818126740682 0.00224404528098234 0.0129969016150404 19.146829533202 0.576186926496534 1.17767887060348 0.362363299451163
0.131383469134925 0.00285259644216355 0.011502818567045 14.8841198395992 0.600793690138534 1.26466853002288 0.428475938919655
0.238396228932306 0.00289021092485798 0.0141786431514494 34.3180901269984 0.66791797389569 1.08755453942468 0.34716360280544
0.862751900087792 0.00305768485040648 0.0188741659936514 14.0913596826601 0.673691154259268 1.06167841144338 0.295730944407684
0.198263066591259 0.00227672274711262 0.0107291701055702 9.50215186185184 0.583771763175535 1.12393825340872 0.361283043723259
0.0583016928429124 0.00317697696352959 0.0116481688052463 9.75853155695514 0.654849464202124 1.19025838806589 0.395764409562859
0.12407754471448 0.0027767297170971 0.0120770965298662 34.139528952156 0.638622345576387 1.20579636136015 0.383593077521414
1.14577180676205 0.00221225353403193 0.0103573883751503 45.4640756843586 0.589076188564422 1.11594132240788 0.312061434223611
0.100385357785103 0.00277529388307702 0.0105115973345515 16.3479434030128 0.638695934466642 1.07007710134124 0.312835450672368
0.34475866760057 0.00316248085805199 0.0106720977452487 37.3620641659551 0.643969689989823 1.27099236589358 0.4602533413213
0.135654059993491 0.00327666415035793 0.0126173517557 34.7510890678977 0.664758080546297 1.09587800951137 0.32309948895752
0.0591906901072362 0.00338848264461597 0.0134969410515367 13.5939108014727 0.678344729821763 1.12211118538092 0.36712462444329
0.166653668165601 0.00285183462996368 0.0150324734646271 25.9784287026124 0.654670850320209 1.07790195747663 0.331671276862188
0.115023407773977 0.00346482677352546 0.0140009337140611 33.7751072356143 0.693433046401437 1.110113180306 0.340747023423484
0.162199175160867 0.00342313413609526 0.0111556136605815 22.0906706426019 0.650708545635257 1.17733212536189 0.421547135730672
0.331767116117273 0.00338885292301914 0.0187099884142136 22.0345440400057 0.673093821620903 1.12502003690948 0.331998647806188
0.112104774194564 0.00329560565459802 0.011195991876323 31.1390542052383 0.664263158594407 1.112290402041 0.391520629893552
0.18843757727128 0.00281930981547537 0.010848947337277 7.18221106133827 0.588417500437294 1.19792328059209 0.380024329961834
0.0590802230349428 0.00298280411557473 0.013381207452536 16.4739009001806 0.634411046775317 1.17469516813959 0.364394053619633
0.0950896504320435 0.0032803211944733 0.0139817161458171 17.0109860140056 0.686989313619545 1.12821465680097 0.40318440728791
0.094499386798039 0.00340209265209029 0.0120290617471838 25.5643556571023 0.664931732501191 1.25169512105761 0.49360135724505
0.0642242255605618 0.00324443705143453 0.0113720895353202 7.65031637510957 0.645281019602434 1.1573060037052 0.412492253353968
0.135120324405377 0.00339818278816015 0.0165174730978427 21.7283966604649 0.66811720474449 1.15042991885453 0.355837496229033
0.142098209064736 0.00239499245590314 0.0122729196652282 18.3397981262857 0.597305594562084 1.09307380900417 0.33917993962321
0.05709168027723 0.00307601168742593 0.0135796050410747 8.61021531430595 0.645505963468259 1.05325395886415 0.323960538511196
0.482320076358083 0.0021634504631819 0.0134180931562694 17.5177916100553 0.563062134634681 1.22768561497188 0.381623072805539
0.0700551321925885 0.0030608181567203 0.0136382650506366 24.2783990926194 0.64620496212883 1.16358759354922 0.400715785463961
0.166515056119573 0.00252092224303973 0.0117324483249217 22.9804376973776 0.589593751016195 1.20833716543191 0.396322944814489
0.429326458508376 0.00280281481859401 0.0136441363679157 19.4890605780602 0.667272887536695 0.962614392825722 0.314936882273446
0.0901979317885068 0.00313711014705065 0.013233209219574 13.0938702746222 0.628047995124044 1.33105155595417 0.445165868742125
0.0851415036931298 0.00290921530020902 0.012762283868073 11.6639955121233 0.648953591159836 1.08000306047374 0.343253795433099
0.122110086267568 0.00263032451967203 0.0104066450487298 17.3657187994488 0.628392278868877 1.06693798788395 0.36410806595266
0.202849493703188 0.00302379432646209 0.0171585585828434 20.795865703265 0.642788760370535 1.12897743938876 0.353447341755224
0.0998552161918889 0.00316503085493926 0.0117088440482119 17.666148566607 0.629575426990297 1.31425358703806 0.46363788647996
0.196975304678075 0.00238527938105479 0.0129557154297989 11.6279907676905 0.577885510504166 1.19690194340754 0.386136010337047
0.119240998981226 0.00325648731866931 0.0162236265645102 25.8927484700935 0.67474046222844 1.12403350854871 0.33708797056155
0.121043286849767 0.00266240041366568 0.0127081688698133 12.6424486605795 0.630895600345358 0.931451817898208 0.267849436816538
0.103230243351813 0.00307128535040077 0.0158907440767991 4.58938642650547 0.637870395797835 1.1532946772675 0.410026190599216
1.00326420533842 0.00271718463489368 0.01452088787677 14.8843639185843 0.580247456603227 1.36090186230231 0.460092513380021
0.55887507475486 0.00304220483816504 0.0147334405503107 7.36644988379084 0.679458048133054 1.04243487279857 0.344428233951511
26.5707291484762 0.00320747480935418 0.0140301839316141 3.50319272850383 0.581327172425223 1.6431656679617 0.623828169575428
0.5597663270636 0.00319270722725899 0.0178264166961103 4.93017070301852 0.622289824409928 1.26378212572466 0.432615324903524
1.09423640577856 0.00228481167169368 0.0118856772034161 2.46640373342593 0.607176724157276 1.05015456419605 0.3217722988447
0.0637275345552348 0.00299611272712847 0.012692581080995 13.2959905784653 0.625575730542042 1.28616139421248 0.453495143230246
0.168631536856339 0.00343893566584129 0.0175334815829545 20.1675329060912 0.674677495654318 1.14974389525288 0.36940272438912
0.307529607894267 0.00258839349865885 0.0121526664201858 39.7088577023149 0.636002171847948 1.05915595002978 0.28332905099173
0.984167076657032 0.00229766378593596 0.0111342202779367 42.2275134099788 0.584207043663951 1.15000331946355 0.331333131257684
0.0916282967176611 0.00303086896302277 0.0106587563370823 12.2178671602639 0.616516851941206 1.22598863714495 0.439770062847898
