0.145966765370525 0.00295826462892542 0.0125417544342929 35.751524416573 0.641146422375824 1.19080649506175 0.368693822730807
0.259055316577615 0.00307604424050046 0.0122614905616888 51.5850621735435 0.685358527101778 1.19159290879677 0.345985163583843
0.0784728553713872 0.00299399983354758 0.0130018814306427 3.97668606314661 0.624878565313159 1.18997068435271 0.414483504371145
0.197722305029145 0.0029569413165853 0.01624461250211 7.72076268725446 0.626844405432796 1.18543116464678 0.358993309622333
0.146935617263546 0.00287687874718207 0.0136118449525772 2.69985356321994 0.645420656012739 1.10340950893789 0.363790817736699
0.102437728064485 0.00300269047553816 0.0147595369929319 20.8977819180951 0.647612038855435 1.11080284165183 0.33957371210763
0.614808404375755 0.00310040522121141 0.0187499975525974 6.30286623465675 0.66610912791084 1.10936975820469 0.32629146434287
0.12460396461418 0.00288632610759289 0.0134053065183948 30.1468428202372 0.655841187212909 1.0868097113856 0.317725808264215
0.174327320797393 0.00314985752604425 0.0162849670190544 19.2202075102928 0.67638197366302 1.06057922963041 0.350078124141947
0.0787900020121491 0.00310245792276285 0.0142969862920881 6.08820707037011 0.636425348295364 1.17840000153091 0.342854521553192
0.135897634431249 0.00313147783738305 0.0162471222846602 5.28045672985771 0.657778702779169 1.09239861739799 0.33492237544147
1.00950747867603 0.00249418676542464 0.0116707063819584 38.5164718975366 0.652029555470503 1.00291088635308 0.291653955703706
0.149433461090314 0.00307602027058208 0.0144804464485296 10.2873957164686 0.622868515851683 1.26299362796596 0.447245185207271
0.0951412179946602 0.00278901773940475 0.0102138639818803 8.99769769694304 0.627461821189908 1.11941045042943 0.391955813518754
1.81866598051056 0.00232097576526085 0.012327452611498 36.747568613718 0.630427714313829 1.06419516974234 0.29628880089456
0.164441710145069 0.0033147551960393 0.0122665579442136 36.2097285561104 0.654309826095673 1.24578695344432 0.431114352825095
0.165431088161481 0.00335467008916343 0.0171733087019701 12.0878439244639 0.657915945218804 1.11895014978357 0.398585626570649
0.133984213153806 0.00310613156071464 0.015722904061097 11.3248770094671 0.636293183219683 1.26040982035296 0.442405088801574
5.84854333810923 0.00253578129170053 0.0119845622951658 45.7456435685398 0.677616788086459 0.913261801197669 0.207929108132402
0.12540940347164 0.00279978674368134 0.0133516070279422 25.48934759712 0.643003686390528 0.96129988191035 0.287355254999944
4.57203422838097 0.00282714035385399 0.0174424671958043 41.4342805131477 0.665317685772439 1.10096872016054 0.325551515593343
0.726433115771644 0.00276542458322765 0.0151068106977522 22.1400752954148 0.608623413808557 1.31168258252024 0.436680728965865
2.24256144272255 0.00348738653791643 0.0170196215376868 51.5572431049233 0.69185936164661 1.2444672652951 0.320759859492461
0.360721425111551 0.00259745419013824 0.0134493389395264 30.6710237066164 0.627924456269624 1.23591040316421 0.419882975222871
0.0622566822907971 0.00311621026664626 0.0128735956620395 17.7044746545062 0.663870053877824 1.13265263573772 0.383475765528097
0.0879940768464957 0.00336071949942967 0.0112738382169438 15.8870420084971 0.647521166964379 1.2644117322372 0.459509948006121
0.211650898381952 0.0026508715828018 0.010771870571272 34.5884181967919 0.621968911151674 1.2203611627665 0.39188490153237
0.0722509658467318 0.00296126415610603 0.0134569602288237 8.69682423965054 0.634025441976116 1.12487484138097 0.357212821383653
0.0920734502611476 0.00330494045539774 0.0116916103103017 35.1262589126097 0.665958479285005 1.15743949577486 0.393206348428503
1.35836080068194 0.00236130453646249 0.0130371406709547 26.6351793197811 0.59215561317275 1.2274589542016 0.445172222588932
0.062178286672542 0.00327143766161855 0.0141190199411225 9.77894357377801 0.663391153728787 1.10571982535421 0.392341823206068
0.0560883411690746 0.00311042811205301 0.0131609238294963 15.8471288621991 0.647177717375798 1.14015090043274 0.373074844176956
0.0788865823473619 0.00341409740356675 0.0120645779278351 20.0534463401729 0.657971030202856 1.18484954094904 0.422132044838454
0.382876065346427 0.00300175188022295 0.0129127971029452 30.6778394132755 0.69218853477406 0.931857355153036 0.281379774104778
0.119997495249363 0.00346822801409411 0.0153851850284203 27.6944017505929 0.676790097437905 1.13772845245009 0.357394426845755
0.0793037960627353 0.00303226229922708 0.0113263469962196 32.7306119415208 0.662141268717298 1.11536269083111 0.393574808365867
0.106681176739521 0.00329858870776205 0.0112003468207765 1.41094467513171 0.640886453327529 1.16169665449934 0.404940476417138
0.0924700440549955 0.0027698754106524 0.0114149507790904 8.90093762986168 0.613067128095541 1.29381229141031 0.462298482358528
0.170569142348061 0.00306761177891089 0.0148911235988274 16.4138557802523 0.628373124395995 1.20808687491021 0.41356122771939
0.578720907202431 0.00267511786613389 0.0121580565773479 22.6069997508038 0.663402630739745 0.960280890593873 0.302226646401276
0.219820501953867 0.00295314798088608 0.0105627242541689 48.569822035599 0.672893936913468 1.17561325796815 0.372156128992162
0.0733330518081845 0.00333291904990227 0.0118081060575241 11.1950299265437 0.665859437226637 1.11426280789697 0.39066608671835
9.18336345305576 0.00295015229694403 0.0104248651855105 37.2253528788805 0.590511607198678 1.34708677545267 0.478216783589776
0.276751601726622 0.00345275412819424 0.0106551637718111 32.8908225817067 0.650707976192083 1.24169149466142 0.4252429342522
0.259724364147598 0.00282671228036745 0.0157448456147669 18.8927609670673 0.648433536915159 1.06646655259488 0.356493839403626
0.200730218514553 0.00254424809088847 0.0109174718564962 26.9418964069307 0.61553029918744 1.07867555661213 0.344239396322061
0.0877552989145719 0.0030869830326701 0.0125303146525242 5.70103054643425 0.657707655019973 1.16769953493526 0.399102298877561
0.122785452228628 0.00274250600980323 0.012593326405632 16.4769235005672 0.615176494459122 1.14543697931569 0.371394732214977
0.120364442986692 0.00279247180749415 0.0117840636444449 23.9911341326176 0.619754771061255 1.17448117985244 0.374181140989394
0.084167880805459 0.00344499841419009 0.0118539361360672 27.7323905658452 0.682226681143032 1.09010632777915 0.370745461199085
