0.446917768054174 0.00332823292879101 0.0140488178054867 25.1514195671177 0.629996353610826 1.24788891543016 0.439646617543576
0.576116052915533 0.00223381709232388 0.0129240256624538 12.8244439255857 0.554133822726981 1.13218149097644 0.334210624788609
0.259938663559911 0.00263144562798874 0.0105890478118106 34.6662385015636 0.608812375867051 1.2319599782976 0.358782406472124
2.07010258740706 0.00312917790495957 0.0176460761562993 67.5245864953708 0.665076198861042 1.21814793042599 0.335743641887685
0.360254280666006 0.00222155658992385 0.01179994580785 28.0321725426892 0.586974854472201 1.07877123236041 0.305247626339001
0.594324668740848 0.00286896826131218 0.0107579311885442 51.706811127515 0.670964463827468 1.09867308844618 0.328728065961436
0.481205964189817 0.00308079341770709 0.0114052428020941 58.5862089538675 0.669370715241325 1.19530146459413 0.337236477489743
0.20164731462901 0.00312760846460507 0.0108436794905483 8.48969438748203 0.640078126710576 1.13260768591278 0.398173396072524
0.166569522039108 0.00278196784189978 0.013141009045994 2.92726623287385 0.610487364543245 1.25914505267448 0.436086103174057
0.318468490736304 0.00290317757470458 0.0169339494300136 40.7711618511696 0.657149507579797 1.2257673509378 0.367900075702011
0.158488254986365 0.00269581118042064 0.0143033926209305 7.97607393668334 0.613146224412074 1.22691511484549 0.388618772797624
0.312495999342629 0.0024321016872414 0.0157647307715721 26.7081050046917 0.594342446311987 1.24781125139517 0.351621024945854
0.221508057195847 0.00279686437905595 0.0141099038418879 38.7092271111839 0.63210760539422 1.14816801309142 0.363431386560286
0.291504071644469 0.00246681965442087 0.0112229588515921 28.7121637925629 0.617703855737432 1.13168562587659 0.341094338877064
0.440404402247578 0.0030428096880101 0.0137103089229529 1.8848923523729 0.594823455828687 1.28434366035441 0.428610304861884
1.09118357582349 0.0022079441391916 0.0185548403881275 34.9123471780843 0.59963302914229 1.13211082635679 0.292959726652679
0.247077927295847 0.0025543638272921 0.0152834482677283 15.3345929657986 0.589177544523238 1.20184196820847 0.372788730569243
0.193218036362379 0.0032190521570582 0.0179401655088475 18.5605212247933 0.662385345672361 1.13587352367955 0.325871803643163
1.00133552475655 0.00265839737700777 0.0142213158153964 36.6229080830496 0.666941896216871 1.01301728416644 0.275455185280335
0.292801188337139 0.0027927801551623 0.0196740216085968 12.4103677236143 0.633890569578799 1.03585106070702 0.280202560333509
0.317274320331561 0.00320935983818428 0.0120396643740262 29.4293542344415 0.681434254048401 1.14437908141613 0.395340339878965
0.250472203563505 0.00283505630942184 0.0188908211637892 3.98303856737512 0.631341650599529 1.13783892860697 0.357982729311433
0.49782455697065 0.00245880338912644 0.0118098881477103 43.697763701436 0.595706141931703 1.16723154800715 0.365407551469625
1.76754158110772 0.00214504344162356 0.0198686230447877 26.4894616020242 0.572111953652634 1.19978606508998 0.319260280535557
0.61854150132305 0.00323291651127166 0.0161801954563259 22.6062602577228 0.697400032893172 1.0499625229401 0.337668865315176
0.197331295379487 0.00282118249178518 0.0110765993527838 32.5152050061356 0.624914235116683 1.20368987215053 0.441037066835448
3.0463000338598 0.00250010890716577 0.0163240313416403 39.2307382156973 0.570549427994006 1.32326234158019 0.371105658187974
0.282009798276789 0.00333451731448239 0.0102636444928108 30.0162822180749 0.652136615150823 1.13785747274714 0.355028155198968
0.465252990200079 0.00279452040807468 0.0159253936212642 29.4550798898887 0.664674148643251 1.01346878825662 0.311114419994569
0.194345094510609 0.0030406752098355 0.0117736802560388 6.37059562202132 0.641496639136578 1.12991396887734 0.382156855697632
1.0366850323545 0.00235648334623894 0.0129346479032247 52.5150955346177 0.63308086335855 1.10659126898396 0.268479579991525
0.165363977681963 0.002863751234312 0.014320086920984 10.3997237252688 0.609512500575047 1.28889926224816 0.455279656886409
0.547881283095155 0.0031023337754851 0.0188561905894357 45.4524284665897 0.661126302265563 1.25718209641225 0.324329637087579
0.369553178286903 0.00316187091146149 0.0122541190429452 12.0641434757645 0.672050424334078 1.04756659988834 0.355584789403854
0.398226273475291 0.00220477357671504 0.0154020900733402 19.3188620551068 0.582969813016207 1.18249943167809 0.336796360291901
0.32591636053598 0.00269311470900256 0.0146640150012218 45.1130970138008 0.634361094823109 1.20447882389786 0.345003799753994
1.47366893827669 0.00254821366301828 0.0167455803423852 59.2882604473865 0.647457984691806 1.1380515837804 0.256346806880008
0.375033339198812 0.00292490089773358 0.0167644475337731 46.0823921144701 0.6572342805222 1.14903843167499 0.334572255551777
1.22488072202338 0.0021070803734374 0.0106178900975531 1.38152585566685 0.589454483348136 1.0784281469495 0.270719755988515
0.505266159977894 0.00295125488953752 0.0175118160904577 16.3154814599352 0.602626551495991 1.29438664644825 0.402779015906902
0.241045267705506 0.00296505249864499 0.0100487662945817 6.01242937762389 0.630381960587058 1.09228188525248 0.401636534551554
0.210205728670603 0.00265382472054566 0.013862757783191 32.4927617902865 0.629755670678544 1.21726024280388 0.379453009070278
0.98760614596656 0.0029580572544136 0.0160542597452395 35.7606999143568 0.690602615926131 0.990656956857813 0.257300878669322
0.530594279205544 0.00339921601347389 0.0106879556400235 46.5343868344983 0.659531627815956 1.17139816254857 0.344629787994468
0.361632816098589 0.00319812204534137 0.0125746133114541 3.45430758330999 0.610205303676815 1.2253023756147 0.435540436485389
0.767443822068716 0.00240689564674623 0.010749261409324 55.3518213202534 0.613269201730322 1.1684342920657 0.339536404080325
0.257180638843217 0.00305372898241976 0.0190959897898216 26.0628950107257 0.652274566665305 1.19285146374125 0.355375741036875
0.18152813318372 0.00322502403258374 0.0163908207277204 25.2438727108847 0.667943926463798 1.21212836371911 0.365890045231692
0.289818430231946 0.00230901208970632 0.0143166761121076 9.41050726710549 0.590381358637617 1.25342024335603 0.383474359091236
0.289993151435426 0.00299413948051519 0.0141665745147673 2.71404211392459 0.653840531007274 1.12476514357261 0.35260427121051
