1 0.00273292424085666 0.0171943188384408 13.6633775911131 0.60815786514827 1.17798944663173 0.376900785762233
1 0.00230460453264997 0.0155725893119583 50.4702152703376 0.681250901193591 0.865003795227518 0.189907212060929
1 0.00324485862834495 0.0179816073139198 35.9466727826442 0.674672676557791 1.20635987331468 0.375377003482064
1 0.00283131617624429 0.0129257974135922 8.78302582598524 0.584534779807553 1.20470507137114 0.399092329534624
1 0.00321648415427539 0.015288285413431 5.06283738509985 0.623979512457619 1.37608844779959 0.483410757566666
1 0.00260635455475771 0.0112217760096304 25.163542993539 0.692843239550944 0.92728356880894 0.29423725662165
1 0.00332585047674016 0.0101066046300344 36.3884847791772 0.695024546261062 1.02977135507947 0.336787914406701
1 0.00252188010570826 0.0191771335524041 68.6930309270578 0.600439564252156 1.42482201413314 0.360235637639323
1 0.00292178758678958 0.0150290273542749 57.1179776411364 0.608594355327426 1.37422071908157 0.404266477626304
1 0.00309329609250417 0.0135311538108392 60.3863603518996 0.642719351245789 1.20409114230499 0.363914644765927
1 0.00282061678304453 0.0103987689768663 49.9305065878876 0.580743650001124 1.2899325977818 0.431437422579236
1 0.00210480516420794 0.0151908619822701 16.5973235005769 0.62886758101848 1.03603633057025 0.307476235675469
1 0.00278490136573324 0.0193251412855461 10.9765857552178 0.687546287256875 0.994981379031319 0.306496228989641
1 0.00202537907844526 0.0124607333055697 66.2599106059037 0.627896885796799 1.05951484641888 0.230335318414248
1 0.00237241169783287 0.0175839794541709 58.9619419392198 0.688376464115572 0.948755500015577 0.196474711605984
1 0.0027590232362994 0.0121189489928074 19.3428231743095 0.558799854536308 1.45483481452646 0.535888973777613
1 0.00235748792934231 0.0182080947431736 47.4723528063949 0.623481759751448 1.2092917285785 0.323438445875296
1 0.00220371774804196 0.0102012114200508 23.8925161882467 0.55303163776733 1.27080903818115 0.424030670262745
1 0.00327581198449247 0.0138421426387969 32.2361532538082 0.636673819102114 1.21920685023046 0.431710336193556
1 0.00304309279641137 0.0195844318920746 48.4658416763111 0.660568919440382 1.2201373682724 0.291972051930191
1 0.00239666023556492 0.0164396705056308 62.7721259196405 0.576807817751891 1.38733457408995 0.404050760725458
1 0.00335716297605075 0.0106095224717399 57.6686308134068 0.570428377552191 1.57061129364614 0.565066217475822
1 0.00225157278341008 0.0116472166212974 46.7339110015146 0.559114299130044 1.29510032003508 0.39744226446841
1 0.00211788204601384 0.0126344014697941 37.4497318466217 0.655300934109953 0.901590541823524 0.219106087164961
1 0.00226015224581817 0.0187884793528821 18.7057830484468 0.593233864949085 1.1686148579838 0.318723696611667
1 0.00256366598828114 0.0160950881710974 45.105060369696 0.604320295426529 1.27172092463923 0.359762689922231
1 0.00341522229141672 0.0177844981587725 29.162166897147 0.676227263439563 1.24935131441025 0.391813095686139
1 0.00295986833502888 0.0131072689595167 49.2247944610589 0.678433750595548 1.11493235854367 0.344874115225108
1 0.00250582340464462 0.0145720009035431 56.164045007336 0.669978324099444 1.04879931275244 0.259971311108209
1 0.00320844668067759 0.0198102042663842 67.9955478939787 0.668234054483823 1.33393001606806 0.365823188864372
1 0.00319340995829552 0.0168832554584369 30.8489894907386 0.684458763621282 1.04597445461095 0.310234041782336
1 0.0028809373244422 0.0128105463390704 23.6729958500969 0.663929622061434 1.07829526415457 0.339655170908686
1 0.00213820814140956 0.0184886285289656 14.8356450067996 0.571560306800297 1.09850668688668 0.280575407239456
1 0.00338788608286181 0.0161372509827837 19.9366689036367 0.638015043613617 1.31264326919062 0.46383039027639
1 0.00217212585651316 0.0143070034255041 15.742436154075 0.617816006357782 1.00531207730743 0.266903656865525
1 0.00289977524729911 0.0158932823123643 30.1144461463019 0.654410224438761 1.02766902131524 0.283651781222038
1 0.00227430839124136 0.0197010850433959 1.53371884885477 0.698541888872976 0.739230097608842 0.191861215632774
1 0.00334174138979055 0.0169511693819193 17.9520833742665 0.671849511832814 1.16629956331427 0.362061228645968
1 0.0026285644016671 0.0189141151254065 69.4928378306143 0.566816260196036 1.58843059018657 0.443694234105589
1 0.00312634016950265 0.0140507315405644 67.549504857522 0.552035431830096 1.86575722937689 0.615430407473147
1 0.00302603437605896 0.0122860157848103 26.838776462432 0.583899641114287 1.4042207103577 0.510200055696511
1 0.0025835157717648 0.0170940412914148 22.2466904105665 0.588540552277351 1.2186428656025 0.355260654678508
1 0.00201472356276237 0.0183208880636841 6.31073168264003 0.601461307216086 1.02127651654994 0.273046532003857
1 0.0027440938081732 0.0176749352356186 41.7668573724292 0.630636950621032 1.20644052375236 0.376868350191633
1 0.00229799754088279 0.0163156723052496 28.4748329503718 0.59124729791854 1.05395686592663 0.259079501355411
1 0.00331707377616083 0.018143211971852 60.3207364363712 0.683033742418978 1.2662360498903 0.354379421712054
1 0.00337428298787796 0.0153716903252061 29.3927076992742 0.633441782602109 1.34932485097655 0.483895487023977
1 0.00348798607049161 0.0113854947495274 58.7787370563345 0.665490438346402 1.30750943335747 0.412139836223897
1 0.0024729827630159 0.0188945228931261 64.2452265681257 0.690420688654296 0.805967240198359 0.15241328835825
1 0.00266336485248525 0.0115607594660716 37.8599352980102 0.617129573216313 1.14002057755179 0.321324872116249
1 0.0024929728413804 0.0192449444093043 43.1815595642431 0.550865488547948 1.50931715616606 0.431861085477772
1 0.00204481788590783 0.012574917410058 17.2420207050303 0.640879562648013 0.894567764976017 0.224382675349796
1 0.00232068107045139 0.0147001688359538 52.1730736634671 0.697528605529573 0.953145189871172 0.21863303628856
1 0.003453600349935 0.010066422258364 38.7882139924006 0.56268233479315 1.42231711329344 0.512211721097224
1 0.00246329643854755 0.0154013147325721 65.0551904701535 0.695862185716396 1.06741998052721 0.260214057538906
1 0.00271907024704386 0.016613974814117 54.1512608170114 0.648414830155903 1.16025759519104 0.275190584479893
1 0.00240638404074358 0.0120549427455291 63.388340560277 0.679520318505005 0.964137880056393 0.222481744941965
1 0.0021502702431404 0.0107752692332026 24.5092496861657 0.658003360491479 0.827828483362788 0.233449204654755
1 0.00213242258535931 0.0132194712629542 41.031830268763 0.65189697464148 0.951492530523784 0.234559485721277
1 0.00299104398843367 0.0123394568907563 43.006192073985 0.58700176632416 1.4073470457027 0.50714466121241
1 0.00279648022823734 0.0190314306229353 51.5140854943171 0.639159078473225 1.320242401655 0.352263135234901
1 0.00324622494918294 0.0165782958796015 34.0721356474236 0.650210820744396 1.23789698544269 0.374031430574757
1 0.00317068782010232 0.0146543244163273 4.33612243285868 0.653314880064805 1.09571795767037 0.36128001236926
1 0.00263911848198855 0.0137500183377881 45.2554492678051 0.621930862509762 1.23459429317564 0.391273417360773
1 0.00290751456484548 0.0111496606343891 35.1716146514518 0.646262456093915 1.06145813787144 0.349372088802972
1 0.00329100792569341 0.0142175243772333 31.4865500246687 0.670130623639445 1.13839849300047 0.339001924536596
1 0.0028432221538946 0.0148334071992664 26.3260952700372 0.666626854862785 0.981527837822345 0.276806078930276
1 0.00305300150218653 0.0162752481488045 53.3792527654441 0.597882909326698 1.58881655298594 0.530534463892033
1 0.00339835353216622 0.0130634489865508 46.1034646945423 0.610889653963153 1.46987387461004 0.489952437466367
1 0.00311096287460881 0.01347350212608 9.48140717923408 0.579912529362831 1.40419268033276 0.497804008814371
1 0.00316082630617078 0.0127841499556322 7.63890806304757 0.594818411858287 1.36560063245427 0.486859549552335
1 0.00296818778512883 0.0105136580253253 61.661597263529 0.673976354824495 1.23284309772742 0.354181232542689
1 0.00244732666510856 0.0185854239944834 1.69585439656861 0.595887795623974 1.26096451506478 0.406921822196252
1 0.00301274983261595 0.0110747453379678 14.4449263919168 0.56918268855894 1.27993173681414 0.461784174357194
1 0.00254619079478434 0.0199163385150721 65.744154743671 0.644340661983122 1.22868817004878 0.304591242677095
1 0.00223261913369759 0.0196251269318629 6.57706398538547 0.566013175269589 1.28793656331142 0.361025834631001
1 0.00207747956003179 0.0136890653334325 67.1367501156428 0.602673555613379 1.24430414043648 0.289490256993018
1 0.00270046306715114 0.0149097952293931 2.5140505160857 0.572678780184244 1.36509983052259 0.495668613123674
1 0.00346219677388552 0.0186499157532351 44.127231260913 0.657116233637906 1.34812611112552 0.427590485306933
1 0.00286992917960626 0.0178657716147602 8.46389443237567 0.634327876547119 1.23060767587537 0.419570405595639
1 0.00347617989511113 0.0141974813788431 12.9699759320426 0.589660344615229 1.52274402798671 0.528766067695397
1 0.00314403671647888 0.0114941140057519 11.8753932978329 0.598309182527126 1.24726768667528 0.442483145314068
1 0.00221082790312707 0.0119784024928929 21.6016643483238 0.611575860442244 1.0156996572857 0.319774148540058
1 0.00238089516258333 0.0159975199826295 22.4047445312561 0.645151767978794 1.06060252933478 0.302485193672178
1 0.00293050927759497 0.0109291211359436 34.1833502995386 0.61303278392728 1.2068485468871 0.394818391365539
1 0.00218852576839388 0.011863460932509 50.7848066007928 0.69207000306854 0.855914469789137 0.22209470929472
1 0.00343066784892813 0.0133728191321949 56.60346569933 0.575312056249124 1.55331821688764 0.536508100552177
1 0.0020605099310237 0.0157824975357158 40.219270373222 0.615327911792556 1.09210045959658 0.258539599198355
1 0.00310217504171305 0.0194624796266668 39.0485122997686 0.563739298342029 1.70776689295156 0.593362093508147
1 0.00307389859941439 0.0117157342151972 53.8159132200223 0.619430608512834 1.39069464596078 0.462096605456973
1 0.00243150348550873 0.0180384757644031 27.498218136772 0.581864359913627 1.27576750671335 0.322640977523851
1 0.00326162817885517 0.0173177895355038 20.4624068884132 0.561870543701225 1.68742383978416 0.59260757426652
1 0.00259507888337015 0.01746288447564 54.8855633459194 0.555526219526772 1.55425555693359 0.489385935837663
1 0.00265658285540878 0.0104309459313052 3.49822851310018 0.661937896018731 1.00891469523615 0.34622404981279
1 0.00233046240212279 0.0156111578397453 33.3976449327893 0.685898602737929 0.837609369805161 0.180543397037424
1 0.0027768651207618 0.0139847577976529 5.62957848692546 0.577394128956948 1.37781856967616 0.484548815780913
1 0.00253848447599448 0.0167381821022835 40.9318760170601 0.556259127416997 1.43528546676466 0.440364681032069
1 0.00205159217399429 0.0172791117941262 12.1676469187113 0.606124480645522 0.929770491777537 0.232108828313275
1 0.00267824866789393 0.0144580190605484 10.1625753185828 0.631006592266262 1.12461439527065 0.323837779624517
1 0.00298703643011977 0.0108166528415633 61.9126876435662 0.625338011291344 1.33841781270244 0.364626211266465
