0.935497699825144 0.0027632780032831 0.0120434012736083 55.8591099011847 0.586439693528207 1.42406442935047 0.437019906280476
0.601346704945569 0.00251877092286148 0.0184511281387051 14.3582407896129 0.6218533418826 1.08252708064713 0.315860443066179
0.708011109941301 0.00238900740325801 0.0192862674107581 27.0832588301994 0.629351351344669 1.05815684644895 0.277522893216109
0.927878503940332 0.00217142689729653 0.0172549190950128 10.2116133137091 0.55485737454365 1.25650358402315 0.387615736459179
0.630965577142201 0.00245705821850008 0.0118167827555582 27.5047208999676 0.592632946367001 1.31494837038924 0.432882700916111
0.727067334105119 0.00254816018391289 0.0173774970238934 47.0615308599623 0.59027566892984 1.41201097479739 0.378257986389796
0.788022523317407 0.00214280745643405 0.0171622197773783 9.13835024899956 0.581769254615051 1.13130461363129 0.300343947021748
0.812290115620337 0.003097973934524 0.0105454303027779 61.171909148415 0.648493439434953 1.28194205689574 0.390151137830098
0.869750204506128 0.0033368085060758 0.0123375232779526 11.3068460067334 0.631805470472954 1.26260362228366 0.497034423297633
0.916229290793177 0.00210272950283498 0.0141300574669954 11.3898633214498 0.559140477889158 1.21803376764877 0.35680120113149
0.495181580469328 0.00289067621264186 0.0140689199650932 49.6745088815486 0.640238618425382 1.26088446752583 0.397986933126259
0.801371061880047 0.00272249704404969 0.0178099621956552 19.8584923267981 0.579752033037769 1.40274186033329 0.457773973261054
0.567404388407658 0.00242085539924802 0.0161471878399473 25.3904446591867 0.584183205743298 1.2344784482041 0.365526064664589
0.752755961125428 0.00309854654454623 0.0104914767323185 33.7249401880692 0.60939009145932 1.44534051234155 0.536802029954045
0.637894301602428 0.00262876267913401 0.0160588637683525 56.556626271448 0.614700691130914 1.23716224281656 0.349664047964612
0.493113744586892 0.00297355134630594 0.0164143517894246 41.1252119476697 0.664426208624415 1.1068072301827 0.30604683248576
0.799538943086419 0.00306857686831391 0.0118870790819417 6.54100339554736 0.638071000139026 1.08859318560239 0.397107997107841
0.494045248247952 0.00258443742206019 0.0163637830580896 40.6030931097274 0.625920623550474 1.22235098640043 0.360300914916322
1.82354104417542 0.00341965732880448 0.0179082946319391 7.25325532083277 0.612314038418884 1.44060095246266 0.537274328101165
1.16126666562217 0.00223201052919268 0.0114652481438845 44.4837363499974 0.625095502670365 1.06344002327513 0.321883476849183
0.717264924251532 0.00240235070916651 0.0134823478183718 53.131642538172 0.606807503861593 1.21581048404033 0.352357998728041
0.595953257817066 0.00274283297498241 0.0173242062015806 53.3238519974022 0.650079694166545 1.21996445475366 0.323942768032694
1.12985107775095 0.00248754956035473 0.0178654255258124 64.0047915610446 0.653996220044881 1.04177717538336 0.210464487568596
0.608656255328588 0.00255677405785884 0.0134176041954419 11.1956944863623 0.611740740059787 1.15586252079116 0.371498431930298
1.25246486373497 0.00218362583298577 0.0121776934411427 54.9793224612759 0.617055488460338 1.11107707258112 0.323833432215008
2.07130813971709 0.0030052949894241 0.0170577307720732 22.5609105802289 0.564309277765741 1.5407816148938 0.523443872514564
0.680587880590653 0.00250655298582747 0.0153817417663916 12.3698935968274 0.637242569419745 1.01723303136804 0.293594499735919
2.03144074917411 0.0021351645998444 0.0198925202097719 61.5614019663764 0.577816192620122 1.31442444577719 0.339383398842699
0.956416124115916 0.00213495774175927 0.017939023509869 21.5329917834599 0.554749525158148 1.27748033800248 0.323828760875913
0.619567651566508 0.00310408683768937 0.0127880056023187 38.004909453562 0.612771978837669 1.3920661418816 0.472463351256118
0.564251542245017 0.00308731844294267 0.0149047790622157 14.8034963767107 0.623856363151859 1.26416463841422 0.454022761378256
1.13846085758863 0.00284656837487309 0.0147244202934769 49.2304527682076 0.69649650219533 0.97984538353403 0.280164155979466
0.843766970779311 0.00215589105364159 0.0170509001097631 5.60376535786259 0.594184568361003 1.08776532215492 0.304266135691004
4.83669793302187 0.0022100425545639 0.0122395909741842 50.1051282313812 0.678716490995798 0.747332142233198 0.162779723596801
0.557052564690987 0.0023712117751905 0.0142537346444573 26.5189689034392 0.598344673937513 1.15727897610195 0.351609653520784
4.48036103369756 0.00217235514401865 0.0165811674681953 48.7991366224214 0.682893507723562 0.800487010891151 0.160103291366311
0.643514470175294 0.00265737125621257 0.0168450446196329 56.7439293057384 0.642917168314026 1.223946765304 0.313397732809254
0.587503141907052 0.00260061413612124 0.0125538251886825 16.1654248815939 0.609837309609859 1.22841677441794 0.405565433108726
1.20352929298522 0.00227381889694026 0.0166626988975052 50.7437560149595 0.648290394347426 0.925822753922435 0.177685239076093
0.793075135254186 0.00346508822104079 0.0116597298004316 33.4820962107158 0.681876321450215 1.18781695567642 0.399373013591269
1.3621441483751 0.0020859061339193 0.0129420438432369 33.1568948976364 0.629060408255015 0.932483393510207 0.236089616675773
0.729117073789551 0.00306030976287433 0.0117353473429238 30.8025655575091 0.599724110353634 1.40316626275202 0.531304725806586
0.878934401100836 0.00294480795292954 0.0102858156852448 10.1765403679889 0.609775452625314 1.24974294875894 0.427965902946323
0.569334159122883 0.00325487445715106 0.0171387744900537 25.3642606017214 0.675416162228674 0.994779186427111 0.28379226739446
1.35285074887342 0.00281685497781357 0.0103082225707464 22.5123803713519 0.557228412192632 1.39227834544582 0.464603293402197
10.3332076611779 0.00219135839397888 0.0111759914444055 13.729477663377 0.690465154520527 0.715091697542398 0.191382097972036
0.933411504980463 0.00249264292940691 0.0166964893570254 55.2009911650095 0.583763299047975 1.44715351384158 0.375149609595825
2.19695206931383 0.00220347242588297 0.0183705862520989 51.9766620194932 0.66256724566662 0.903811877688573 0.188188882201019
0.988601520010833 0.00298812484150569 0.0152687773315656 11.2026646698995 0.58181888471999 1.32590696126625 0.42019105293075
1.56754287643265 0.00276108889729702 0.017099414298593 66.4995573729956 0.692792888467616 1.01729236162624 0.200492048827657
