0.239173116562883 0.00329740944140844 0.0114482157628894 32.3918054904109 0.661853245349928 1.04269131494162 0.334683849714477
0.219701028042873 0.00302715278783827 0.0177934503609868 1.43216545498712 0.622043597169949 1.27137299228137 0.422286333263247
0.177299393901021 0.00337843709950498 0.014063512850422 17.7142883228528 0.656170795660351 1.23105221547744 0.416739611698547
0.272134559691338 0.00305201502865251 0.0110610758066375 12.2351494092221 0.661497414992514 1.00475044606289 0.304829336733637
0.339508867543029 0.00236014447241402 0.0166669346633659 29.5447390568108 0.601453034140523 1.2211080985091 0.313125557236082
0.272293768633661 0.0032153997617293 0.0126623294787668 38.1023879496899 0.657182873902011 1.18029843216994 0.347409302463701
0.615971088901752 0.00323517090802645 0.0197030565423974 41.2773772405103 0.674999099944005 1.28416584490597 0.366853719360498
0.155252653328915 0.00291628052966989 0.0111640781122565 2.5514713583384 0.622467404419326 1.14663536478695 0.394582356139768
0.446357857775645 0.00335903737921087 0.0136411674816042 34.1318916841948 0.651010002316859 1.30516455210679 0.449964718758576
0.687311170364503 0.00276423812475378 0.0137470015295502 49.480327152354 0.616803989933451 1.28348931427932 0.416003713327631
0.385882937681173 0.00299717037337884 0.0159976969446089 43.6001171598268 0.643159312893331 1.22421996944153 0.377939693683014
0.767442142500683 0.00300839021276593 0.0159268077196869 53.487460546397 0.67370363960247 1.15308523269312 0.330538615523343
1.90125483463977 0.0020384033528205 0.0199979284689598 9.0190850139122 0.58433375491863 1.0359624838527 0.244818640293299
7.39363114185623 0.0026522646815469 0.0194100463563754 61.570961814098 0.612239946491964 1.39752691377343 0.347922138755895
0.198271090010792 0.00255140101864018 0.0155836347951377 26.9089340535361 0.611063666941712 1.1157177379198 0.314086480126586
0.173518361349777 0.00264392860818224 0.0118594945757445 21.0885831622825 0.624436012764143 1.15672659799961 0.365763069031433
0.517263294765719 0.00314327497268559 0.0130857375935269 51.3092947079999 0.665020126520995 1.26897806528249 0.431990236312973
0.147787802321759 0.00292177653077065 0.0170486848645724 20.5301419016843 0.633906796929555 1.29888725912692 0.463758790168924
0.345846522934901 0.00282927887746259 0.015137259540198 43.0534523103437 0.652347424005252 1.10599985758193 0.324559292285863
0.323471512424413 0.00258522041493176 0.0169973941984514 24.8229097496487 0.59546024374439 1.09864955993016 0.299921240342338
0.187181950571482 0.00284039906080669 0.0165666135764326 18.7387569177373 0.614672373178999 1.23565901809909 0.423706607484617
0.157054621358052 0.00285843900512817 0.0156920729950632 26.6828000668238 0.640916167932176 1.10433834488416 0.365108990375134
8.05638855415607 0.00303151454641426 0.0149833196587248 10.037307524219 0.576592015690654 1.46697164462472 0.52064864873617
0.201423556416871 0.0031876408975667 0.0124262054874464 30.4717288212745 0.669522744409505 1.13456282395682 0.392049097749596
0.301360707610596 0.00287391665689465 0.014757923384062 20.5369824743143 0.605205095639394 1.31564289024829 0.438549810442365
0.179480283535045 0.00340654811863121 0.0118654452542547 16.6483986604721 0.666022601611292 1.16624433465545 0.375461281380151
0.248195001774796 0.00307593666259817 0.0166081463422343 25.5163706506952 0.670777349624564 1.10321100855036 0.330971859407416
0.576634687511342 0.0031933251246465 0.0179569161507351 43.6015748280952 0.683303403217876 1.13052523349621 0.364484715326262
0.252442394146183 0.00323082732202305 0.0140540522380556 36.0365018079042 0.676884713256996 1.11907362217773 0.392866590116404
0.295062014981016 0.00288317241772662 0.01892794583346 27.2075037935338 0.625320051243629 1.13712060299629 0.309176115113783
0.17690044388797 0.00316790268163941 0.0107174275938074 17.7878459141195 0.637109052928622 1.12519124638365 0.381540215817504
0.485658129714567 0.00264185360309811 0.0195128063213913 14.8579908999244 0.592399819984393 1.27806125645138 0.398727286214232
0.411604023719231 0.00278057989532393 0.0130731338200301 31.1237084765748 0.658636801390845 1.00763776554825 0.274568199113105
0.722688500537763 0.00310323110333397 0.0105339030760567 51.2845865242395 0.681390506163809 1.13092958611159 0.348869409138861
1.78021522293577 0.00260690335643038 0.01790871347582 57.1944014494739 0.646559204973134 1.13690615224639 0.282044026467949
0.572617579417037 0.00230007143862347 0.0148674974797496 34.2798712310581 0.576697503462173 1.30523899925037 0.396773981574518
1.28550200341749 0.0028466270989674 0.0165381553024697 57.2784433412722 0.633799513572916 1.32441289924865 0.3378659533133
0.148523309349723 0.00278046729907729 0.0171380144450622 15.2842195753343 0.62473693513141 1.07844718839364 0.335266402353431
0.207712258374589 0.00274351336615277 0.0141011895356298 3.84829773708012 0.596633775256738 1.35257688964263 0.518514048627218
1.33746058631852 0.00213646778069603 0.0109709769956158 41.5399642726095 0.6103417684894 1.00579098645964 0.258463199137262
0.756182068084613 0.00287773856165901 0.0107506633811177 21.7177887258055 0.667755138127184 1.02126988534509 0.330037827341577
0.356299666988177 0.00280489922391561 0.0169179090798613 16.074464304435 0.599331356075159 1.39374914107825 0.482875793497662
4.06472914179251 0.00262387623425582 0.0198074139502135 53.7492052635922 0.660256144511402 1.01807609720874 0.230288474060575
0.16222460650441 0.00323281914384987 0.0170615931862733 7.29867442789177 0.660997359265608 1.10829903048511 0.333818774788295
0.156761709970081 0.00276132352595159 0.0137705209232168 25.2218836660215 0.635416466253054 1.11609551233482 0.331866803930363
0.419760683336406 0.00306525063042723 0.0104272694732645 2.18325124898934 0.604499410952828 1.2888271712793 0.490208838989719
1.15662759114121 0.00233564730864674 0.0194453383885549 40.654525364006 0.614177826004289 1.10111304684487 0.264143014705331
0.250336830978256 0.00231853872700141 0.0128149736287976 7.86425132001417 0.581974715519963 1.0547292206014 0.32634481853687
0.199890807044426 0.00259065177596506 0.0171290117158604 8.6206235566751 0.613878936798888 1.24996151768877 0.392367593096525
0.305729542360573 0.00282533194455014 0.0173848454222654 33.6113156228342 0.651535881261141 1.09005609293752 0.30106009720177
