0.135864314969242 0.00327728467436797 0.0167164818746662 15.9870786214222 0.654331676739735 1.16858923088065 0.375146892604786
0.119168046919153 0.00341962464236172 0.0116095224539317 9.68538419180263 0.680301207629331 1.10701431258265 0.368019025058919
0.0555885140257093 0.00311941470434521 0.0128718780300186 12.3877681829656 0.648884868447186 1.20823561707712 0.413136083601631
0.259625690414998 0.0031135100469171 0.010805352997146 8.7522128460977 0.667926451101106 1.05406318363191 0.36417714982427
0.107514825837966 0.00296069853349533 0.0119522981300413 23.9052492378061 0.659826883014394 1.11357220827904 0.370694364568856
0.109778922834256 0.0031500153615582 0.0161848454961619 24.0745754740571 0.654698978241939 1.14218923693109 0.339079762157248
0.196284346395364 0.00235683427438812 0.0138505408236864 8.54433585157104 0.579034593528583 1.24196317637691 0.411097647160557
0.466239648695534 0.00235231866563494 0.0125418924634043 15.2455473047893 0.615311522428441 1.04681119007423 0.347454369453139
0.13315127003898 0.0034341426453768 0.015342279264157 27.3447863312311 0.694407789279003 1.10524822963758 0.327883368695582
1.12106742655405 0.00237362505392811 0.0130775865081463 30.0494781153266 0.635141924215054 0.985162088951892 0.250292837842217
0.0723726002091575 0.00295407070949429 0.0112689696187842 23.2598606097712 0.64151241948735 1.28223233225133 0.448100816621997
0.0607963208051811 0.00309280973644697 0.013891486274655 10.7106227337543 0.643346456395944 1.14418802093141 0.376955784827877
0.0737643209453737 0.00331545024854113 0.01394877209034 16.7048071817133 0.658929754545457 1.14051525458 0.379675358406949
0.102886650212924 0.00341450463138047 0.0111197212102146 12.6126283333974 0.678806558888876 1.05961571099409 0.395225482362356
0.429628556540848 0.00212835345974486 0.015114920069018 15.2698005339724 0.585038056198468 1.14356567044135 0.355930330940834
0.0614881476950107 0.0030180075158737 0.0109450192667233 13.7488082233761 0.633767679320238 1.1222207398211 0.379530113957368
0.169780497956502 0.0026842859216911 0.010683410650715 29.6980956546528 0.619490050132011 1.15157878707433 0.384883952803045
0.10698676617486 0.00310243243506968 0.0127048394597193 19.4249070117052 0.669908295144389 1.16135789682765 0.40197438425742
0.13882421741778 0.00319404237870234 0.0105817477082397 2.3702116042249 0.621895993121246 1.21178725475436 0.455297360436559
0.147354002535328 0.00284216278375688 0.014128319855988 35.8988092145027 0.641533308867487 1.27932567112135 0.414048941782463
0.0568487153190386 0.00293745121824257 0.0125936049160682 14.4798762115386 0.637782486342412 1.17998629014866 0.436964784953838
1.73718018004782 0.00276119204222657 0.0170094895401094 7.0439087097338 0.58139502006579 1.43545112768365 0.505083322016096
0.331606458788904 0.002559639115368 0.0163356729044454 34.1688012105721 0.634794132413135 1.25653173621963 0.395027305566634
0.151493826404386 0.00298287446802864 0.0165601421555627 17.2887422848354 0.627583942199615 1.3271906656303 0.475087300359386
0.285425810287416 0.00276819903625713 0.0107760663549012 26.8395023232289 0.606350435899056 1.19660140769104 0.415695123931812
0.143340054244899 0.00341752600300952 0.0142735458761383 3.77185241119793 0.674741347520428 0.961242958649229 0.297740392622159
0.445751360795304 0.00272551643290455 0.0184187910276105 34.5878137675406 0.631719577790397 1.25762377387264 0.39295511669879
0.318931713687031 0.00280511866562197 0.0190368587030235 13.5739015487321 0.617750188203822 1.23520723218943 0.371737495190103
0.10524255643208 0.00342965716826734 0.01245835521981 29.2569372957411 0.684222095939262 1.13700909124526 0.397291975078292
0.691342913630057 0.00278889667424073 0.0119196892102744 46.8870408079244 0.637625498685444 1.13534706169303 0.306360803631738
0.179020519978663 0.00272880057124122 0.0137050952066439 37.541439142076 0.641066246674646 1.08894008995279 0.352552809313321
0.341895863581762 0.00276938017741995 0.0189271553631875 29.2663304692045 0.638283100868323 1.18478373965347 0.35054333416998
0.285421154269066 0.00334711435879144 0.0180498834821182 32.6489473658085 0.688525507764357 1.19151810943754 0.37242638288354
0.236829547545136 0.00242167204027892 0.0101581350434933 16.5921306419055 0.60683876747595 1.13344272744122 0.374832073507459
0.16521040110477 0.00325965405948251 0.0129704963731032 27.0295262337938 0.649218134120694 1.10078886768009 0.355563976059567
0.092544257197967 0.00343554094814687 0.0137321275287557 10.0671277453457 0.659029904628171 1.12098649806395 0.397759563136158
0.543351469828025 0.00229136536759891 0.0181042148055743 14.3303142242237 0.584524242046362 1.28475704007697 0.380175111086496
0.394551735804962 0.00248672270543721 0.0105654411814187 27.0402116140832 0.590379855938532 1.16098153871157 0.386485749990652
0.371639934126819 0.00287596913272378 0.0181356714734721 37.329717885043 0.659387187339659 1.11966299236436 0.267322770875158
0.136170845578852 0.00245453213279791 0.0140489642844929 10.8462190784925 0.591592873100786 1.16230806468369 0.383981928307878
0.300453538252329 0.00299978534191722 0.0129589165125672 29.5109322243207 0.67993801953747 1.06195152786688 0.370298365962643
0.129461681990538 0.00323504201245722 0.0127179503776908 1.64851453281355 0.661595391538469 1.06964741536719 0.360515522156967
0.0804272528355981 0.0031440427007467 0.0114298290726701 4.43074083963307 0.650728835247593 1.13106044732389 0.40573497110178
0.960636372216544 0.00279516751063965 0.0105700294158324 26.2063123684427 0.594009726586272 1.27131018921153 0.407891965719446
0.0935794968238093 0.00267798380366807 0.0121832427037511 21.8193496509339 0.614673442487688 1.21954772872943 0.428864370842059
0.592070371532842 0.00238510713378663 0.0152266988408421 9.55987498176873 0.615798556271784 1.09916866285868 0.342662294481708
0.299039982464583 0.00305966519942359 0.0139535418613802 2.45285385329996 0.605963952549561 1.26583565661099 0.457566297694604
0.166822622690079 0.00268373948998292 0.0126228295065507 34.9472916373594 0.636144923736808 1.0873269679223 0.370875502271315
0.322776494451507 0.00244294024138563 0.0164442654761271 12.7386396334286 0.583278757843657 1.17605346353933 0.306666562554972
0.0654962540520694 0.0032701146621257 0.0111557702152998 15.1168349193999 0.656696382739752 1.15708220341229 0.379251157463053
