0.271002061883849 0.00262073178524787 0.0128064142669429 3.3431174423947 0.625319029872517 1.09463198742062 0.343643405168944
0.344930006022191 0.00286616268522353 0.0141208668182139 2.64582105316115 0.594736678789505 1.37700179964866 0.496563280314017
0.0885689077785559 0.00299731165304472 0.0138853176907543 14.9850952427374 0.632894007168759 1.08883569952818 0.366410499496056
0.18648526115503 0.00247938135847887 0.0104432682620983 16.6107306949118 0.589691376530275 1.04484434323757 0.347292019574193
0.0926754510372267 0.00343900849709335 0.0133336430460705 5.27682221704903 0.664034273967274 1.21861571091676 0.40909913638397
0.720711898537186 0.00269045958349909 0.0149956512087481 22.7597928058613 0.657149456266124 1.00396427774139 0.265133381096742
0.0784118055234399 0.00301690254584398 0.0129173980289395 15.4520332831713 0.655022796545181 1.03483930394431 0.33457778074178
0.751855554391351 0.00343382856367321 0.0130972063364393 34.2759050747006 0.652511273338262 1.2640249937167 0.405919278964089
0.283769116315692 0.00334505488990162 0.0173554601112045 16.5875638764546 0.654040867610667 1.24606841515006 0.401051286041212
0.201513809896615 0.00328424490562662 0.0170563643331173 1.85259367555761 0.649288006920826 1.27396164488599 0.439512750105638
0.126648504987632 0.0028803277296679 0.0149841446836971 13.5743719225752 0.630236800633235 1.19703052423447 0.360463210680219
0.0839097726800535 0.00338724164520483 0.0150597997838189 13.424693996104 0.671778325576367 1.13253733152214 0.373959400334555
0.258761565051371 0.00297766017748637 0.0164403024945158 19.4325889856302 0.6315922731702 1.16105465380208 0.351422948364666
1.67165913945511 0.00342040878886846 0.0151476787572667 22.2626077807263 0.634448178749183 1.39689918419467 0.474719942552959
0.167109700580374 0.0026530178486131 0.0121231066996013 29.34143312228 0.625281893982313 1.03700684600448 0.315987392598762
0.203001670736382 0.00311687879615341 0.0128999475105249 30.5854904262919 0.637547228986462 1.23268313334375 0.412860969155795
0.119583339323099 0.00329109252779186 0.0160498801129568 20.2707056882471 0.669146768257524 1.23721786134566 0.431645476630526
1.44793254386104 0.00229730527450658 0.0160585063055642 2.98155658890996 0.591540409860583 1.24095204576876 0.408214736066124
0.199598885762159 0.0033293614557451 0.0142990818506425 7.76012683411618 0.693101493356332 1.05033049110214 0.361977839307848
0.082115188248984 0.00318837118379334 0.0131123215541326 3.08828300535136 0.648506263370824 1.15160255904903 0.392493306303738
0.15000704192174 0.00330384089586135 0.0160693948066854 12.9332540465001 0.685429688326339 1.24383429909705 0.421553474271234
0.169214992827803 0.00262640920056151 0.0103942129208718 11.751319877693 0.623544979963927 1.13236670782589 0.393280509956554
0.468362057522151 0.00283437271014327 0.0172038697984727 7.17221792536302 0.608568114448593 1.29082530290208 0.413922948314648
0.128290997401059 0.0031332074341638 0.0156729941513178 20.4153027516645 0.668117273738025 1.11635165386879 0.35574001536964
0.0957593870808774 0.00295629536815586 0.0126066441151825 15.3556946639694 0.621630117575841 1.21436185969785 0.40674704167297
0.277014416904171 0.0031966110912833 0.0177939533182078 3.29913160830288 0.66045621634118 1.1462761213954 0.357351323555253
0.0856422765218223 0.00340546183790636 0.0137902933856055 6.01002413428901 0.663889937816632 1.14506123035527 0.439860338433605
0.0826321373545562 0.00319675760908662 0.0135203197961524 11.9711521664223 0.641040466758762 1.24602180559167 0.44216500469255
0.73315049818178 0.00261539886846746 0.0139725493359424 39.9607368256715 0.639284416033598 1.09760372472237 0.31592434134807
0.596440399767011 0.00240686453593025 0.0145193654342522 19.1394465117581 0.615578555281584 1.07433822893333 0.285708091481171
0.230419184733612 0.0030483263918516 0.0139469380079622 34.0805541678815 0.680317448178615 1.11298097723358 0.339858202404786
0.110018905928368 0.00339122070245446 0.0112592314383251 11.2898866082569 0.651764243849739 1.3433410298994 0.51897370332482
0.123170831500707 0.00344291848526445 0.0163154643608387 18.3015157051324 0.68392724785819 1.06729766878872 0.318545677578464
0.153923418645711 0.0030207791064822 0.0127359121205201 31.7215227610219 0.638440106945796 1.22070921071266 0.387678228685238
4.58920205532242 0.00307335488826085 0.012053948832307 41.5974630037114 0.616834520733377 1.3857686499439 0.439097786673053
0.409663501479352 0.0028671747240368 0.0124169382304695 41.4517494226235 0.668453616189832 1.00361836734752 0.311314044208706
0.229061344463134 0.00327690106267439 0.0163429846345937 2.22296488950182 0.677698812741423 1.16093710999568 0.36621940272173
0.204663386984236 0.00289669040393688 0.0143597816908172 33.1611764648604 0.646008733152206 1.12556119837509 0.329208875986257
0.314308545615335 0.00318383437375877 0.0176004641867597 7.42921337049011 0.635420639538491 1.29647817351365 0.412312957665122
0.123012953359516 0.00334758927185182 0.0155148033190334 24.7034497516551 0.671592597114742 1.12704988085374 0.334228985435954
0.230989256258971 0.0034352047614817 0.0164787438510962 4.88107768898018 0.693856409188821 0.944136273051223 0.28265636161118
0.5202565350539 0.00245998204094926 0.0154499835144296 3.52972686987783 0.591496998339733 1.2000907644791 0.375307569696407
0.197817629702899 0.00327785291291365 0.012452838528763 30.4251100867467 0.64878515494376 1.21546527689471 0.46282372831965
0.215871123855387 0.00327159323792473 0.0160330793267941 2.67102865025598 0.635504462873255 1.19279651715174 0.40652236443801
0.0935800877895143 0.00315899022869616 0.0131085249116017 15.5886591475668 0.635885381353315 1.26373895374051 0.459307510360124
0.137896024558408 0.00308673409586335 0.0133924265876666 33.9375552169964 0.67113847589476 1.13818260097712 0.377489957261293
0.27181459215002 0.00283186684135271 0.0150315253590757 4.57863712841581 0.645664397299373 1.04092541473384 0.316335721634519
0.105436043539309 0.00282434942752042 0.012655309377341 19.7606437991196 0.64341519825756 1.05374972982988 0.338941040419307
0.344332812827991 0.00312020626471937 0.0104036685337803 28.78566775688 0.68879152669304 1.03439437015036 0.371967337262409
0.0715865610968088 0.00332963436856827 0.0136454086760451 13.2903552736442 0.65986300178513 1.27122587978912 0.456346733920292
