1 0.00273292424085666 0.0171943188384408 13.6633775911131 0.60815786514827 1.17798944663173 0.376900785762233
1 0.00324485862834495 0.0179816073139198 35.9466727826442 0.674672676557791 1.20635987331468 0.375377003482064
1 0.00283131617624429 0.0129257974135922 8.78302582598524 0.584534779807553 1.20470507137114 0.399092329534624
1 0.00332585047674016 0.0101066046300344 36.3884847791772 0.695024546261062 1.02977135507947 0.336787914406701
1 0.00309329609250417 0.0135311538108392 60.3863603518996 0.642719351245789 1.20409114230499 0.363914644765927
1 0.00282061678304453 0.0103987689768663 49.9305065878876 0.580743650001124 1.2899325977818 0.431437422579236
1 0.00210480516420794 0.0151908619822701 16.5973235005769 0.62886758101848 1.03603633057025 0.307476235675469
1 0.00278490136573324 0.0193251412855461 10.9765857552178 0.687546287256875 0.994981379031319 0.306496228989641
1 0.00235748792934231 0.0182080947431736 47.4723528063949 0.623481759751448 1.2092917285785 0.323438445875296
1 0.00220371774804196 0.0102012114200508 23.8925161882467 0.55303163776733 1.27080903818115 0.424030670262745
1 0.00327581198449247 0.0138421426387969 32.2361532538082 0.636673819102114 1.21920685023046 0.431710336193556
1 0.00304309279641137 0.0195844318920746 48.4658416763111 0.660568919440382 1.2201373682724 0.291972051930191
1 0.00225157278341008 0.0116472166212974 46.7339110015146 0.559114299130044 1.29510032003508 0.39744226446841
1 0.00226015224581817 0.0187884793528821 18.7057830484468 0.593233864949085 1.1686148579838 0.318723696611667
1 0.00256366598828114 0.0160950881710974 45.105060369696 0.604320295426529 1.27172092463923 0.359762689922231
1 0.00341522229141672 0.0177844981587725 29.162166897147 0.676227263439563 1.24935131441025 0.391813095686139
1 0.00295986833502888 0.0131072689595167 49.2247944610589 0.678433750595548 1.11493235854367 0.344874115225108
1 0.00320844668067759 0.0198102042663842 67.9955478939787 0.668234054483823 1.33393001606806 0.365823188864372
1 0.00319340995829552 0.0168832554584369 30.8489894907386 0.684458763621282 1.04597445461095 0.310234041782336
1 0.0028809373244422 0.0128105463390704 23.6729958500969 0.663929622061434 1.07829526415457 0.339655170908686
1 0.00213820814140956 0.0184886285289656 14.8356450067996 0.571560306800297 1.09850668688668 0.280575407239456
1 0.00338788608286181 0.0161372509827837 19.9366689036367 0.638015043613617 1.31264326919062 0.46383039027639
1 0.00334174138979055 0.0169511693819193 17.9520833742665 0.671849511832814 1.16629956331427 0.362061228645968
1 0.0025835157717648 0.0170940412914148 22.2466904105665 0.588540552277351 1.2186428656025 0.355260654678508
1 0.0027440938081732 0.0176749352356186 41.7668573724292 0.630636950621032 1.20644052375236 0.376868350191633
1 0.00331707377616083 0.018143211971852 60.3207364363712 0.683033742418978 1.2662360498903 0.354379421712054
1 0.00348798607049161 0.0113854947495274 58.7787370563345 0.665490438346402 1.30750943335747 0.412139836223897
1 0.00266336485248525 0.0115607594660716 37.8599352980102 0.617129573216313 1.14002057755179 0.321324872116249
1 0.00279648022823734 0.0190314306229353 51.5140854943171 0.639159078473225 1.320242401655 0.352263135234901
1 0.00324622494918294 0.0165782958796015 34.0721356474236 0.650210820744396 1.23789698544269 0.374031430574757
1 0.00317068782010232 0.0146543244163273 4.33612243285868 0.653314880064805 1.09571795767037 0.36128001236926
1 0.00263911848198855 0.0137500183377881 45.2554492678051 0.621930862509762 1.23459429317564 0.391273417360773
1 0.00290751456484548 0.0111496606343891 35.1716146514518 0.646262456093915 1.06145813787144 0.349372088802972
1 0.00329100792569341 0.0142175243772333 31.4865500246687 0.670130623639445 1.13839849300047 0.339001924536596
1 0.00296818778512883 0.0105136580253253 61.661597263529 0.673976354824495 1.23284309772742 0.354181232542689
1 0.00244732666510856 0.0185854239944834 1.69585439656861 0.595887795623974 1.26096451506478 0.406921822196252
1 0.00301274983261595 0.0110747453379678 14.4449263919168 0.56918268855894 1.27993173681414 0.461784174357194
1 0.00254619079478434 0.0199163385150721 65.744154743671 0.644340661983122 1.22868817004878 0.304591242677095
1 0.00223261913369759 0.0196251269318629 6.57706398538547 0.566013175269589 1.28793656331142 0.361025834631001
1 0.00207747956003179 0.0136890653334325 67.1367501156428 0.602673555613379 1.24430414043648 0.289490256993018
1 0.00346219677388552 0.0186499157532351 44.127231260913 0.657116233637906 1.34812611112552 0.427590485306933
1 0.00286992917960626 0.0178657716147602 8.46389443237567 0.634327876547119 1.23060767587537 0.419570405595639
1 0.00314403671647888 0.0114941140057519 11.8753932978329 0.598309182527126 1.24726768667528 0.442483145314068
1 0.00221082790312707 0.0119784024928929 21.6016643483238 0.611575860442244 1.0156996572857 0.319774148540058
1 0.00238089516258333 0.0159975199826295 22.4047445312561 0.645151767978794 1.06060252933478 0.302485193672178
1 0.00293050927759497 0.0109291211359436 34.1833502995386 0.61303278392728 1.2068485468871 0.394818391365539
1 0.00243150348550873 0.0180384757644031 27.498218136772 0.581864359913627 1.27576750671335 0.322640977523851
1 0.00265658285540878 0.0104309459313052 3.49822851310018 0.661937896018731 1.00891469523615 0.34622404981279
1 0.00267824866789393 0.0144580190605484 10.1625753185828 0.631006592266262 1.12461439527065 0.323837779624517
1 0.00298703643011977 0.0108166528415633 61.9126876435662 0.625338011291344 1.33841781270244 0.364626211266465
