1 0.00270786338697994 0.013665577855461 10.0836648726033 0.613965328406534 1.14271054826953 0.390291593183931
1 0.00293033973304212 0.0142680108162913 24.1786954473435 0.63538096607246 1.10973158299485 0.377321695051475
1 0.00317882531071062 0.015917443172089 16.5150266118876 0.650262550827877 1.15427848935614 0.373747891326384
1 0.00306857686831391 0.0118870790819417 6.54100339554736 0.638071000139026 1.08859318560239 0.397107997107841
1 0.00255677405785884 0.0134176041954419 11.1956944863623 0.611740740059787 1.15586252079116 0.371498431930298
1 0.00300381029892414 0.0165657884992292 11.4397042503204 0.648184924915018 1.17716283553817 0.383511565868182
1 0.00273292424085666 0.0171943188384408 13.6633775911131 0.60815786514827 1.17798944663173 0.376900785762233
1 0.00346508822104079 0.0116597298004316 33.4820962107158 0.681876321450215 1.18781695567642 0.399373013591269
1 0.00341559939117619 0.0128594655598277 10.8282026799324 0.650249101373546 1.18156717755024 0.405744279218052
1 0.00209536395601801 0.0104872520068819 28.6538722035962 0.573993786335864 1.18745782030764 0.376575225114736
1 0.00334174138979055 0.0169511693819193 17.9520833742665 0.671849511832814 1.16629956331427 0.362061228645968
1 0.00317068782010232 0.0146543244163273 4.33612243285868 0.653314880064805 1.09571795767037 0.36128001236926
1 0.00269901935531029 0.0192258378952263 15.2769718820022 0.605677789440652 1.18397622100134 0.36800081551361
1 0.00301104338760774 0.0106635596968708 68.336090820271 0.674318692490865 1.14657537978865 0.35603392556333
1 0.00320861926364491 0.0108080122806809 30.8893609451024 0.610454369123535 1.20312719364957 0.396640642942541
1 0.00282442293024003 0.0128358546861599 35.821338663704 0.630158790884859 1.17522217168812 0.360591503525068
1 0.00283131617624429 0.0129257974135922 8.78302582598524 0.584534779807553 1.20470507137114 0.399092329534624
1 0.00293050927759497 0.0109291211359436 34.1833502995386 0.61303278392728 1.2068485468871 0.394818391365539
1 0.0027440938081732 0.0176749352356186 41.7668573724292 0.630636950621032 1.20644052375236 0.376868350191633
1 0.00324485862834495 0.0179816073139198 35.9466727826442 0.674672676557791 1.20635987331468 0.375377003482064
1 0.0023712117751905 0.0142537346444573 26.5189689034392 0.598344673937513 1.15727897610195 0.351609653520784
1 0.00238500078989532 0.0154184845007816 14.723682432266 0.580752995500423 1.21073271914468 0.403549321659621
1 0.00282440827202174 0.0116992952928159 27.9180988518329 0.625360522922903 1.19870943394209 0.415407467896729
1 0.00296076681233018 0.0120480092732728 16.5729160983484 0.622443979932222 1.17879185898026 0.353028532934379
1 0.00309329609250417 0.0135311538108392 60.3863603518996 0.642719351245789 1.20409114230499 0.363914644765927
1 0.00341106925118758 0.0154741668338913 21.3621849069726 0.671127772206384 1.20601637105347 0.416320072846682
1 0.00295986833502888 0.0131072689595167 49.2247944610589 0.678433750595548 1.11493235854367 0.344874115225108
1 0.00259860371607989 0.013906470503602 35.0053574196302 0.625663348919838 1.20451708049019 0.360035900663952
1 0.00244096097977639 0.0125704665813917 18.326827243282 0.615122757429124 1.12627143594611 0.342314139371363
1 0.00260061413612124 0.0125538251886825 16.1654248815939 0.609837309609859 1.22841677441794 0.405565433108726
1 0.00263911848198855 0.0137500183377881 45.2554492678051 0.621930862509762 1.23459429317564 0.391273417360773
1 0.00329100792569341 0.0142175243772333 31.4865500246687 0.670130623639445 1.13839849300047 0.339001924536596
0.601346704945569 0.0023166555421868 0.0103730756997831 38.8447659491252 0.589208523254244 1.23462511012712 0.401112999004565
0.927878503940332 0.00290751456484548 0.0111496606343891 35.1716146514518 0.646262456093915 1.06145813787144 0.349372088802972
0.812290115620337 0.00258443742206019 0.0163637830580896 40.6030931097274 0.625920623550474 1.22235098640043 0.360300914916322
0.916229290793177 0.00210272950283498 0.0141300574669954 11.3898633214498 0.559140477889158 1.21803376764877 0.35680120113149
0.503384511699433 0.00307253856063945 0.0141546880823416 36.0212549374984 0.678164413694321 1.13781898251165 0.336157213450163
0.296539777010794 0.00324622494918294 0.0165782958796015 34.0721356474236 0.650210820744396 1.23789698544269 0.374031430574757
0.452998545555184 0.0024170429478369 0.0108991376929811 38.6963874986218 0.60131899468938 1.22306518413381 0.358778992404956
0.276294798761386 0.0025835157717648 0.0170940412914148 22.2466904105665 0.588540552277351 1.2186428656025 0.355260654678508
0.320673460038958 0.00260753737496595 0.0161021474911368 29.2375633297994 0.617409228778731 1.15820989363876 0.335822712784055
0.382033276603141 0.00240235070916651 0.0134823478183718 53.131642538172 0.606807503861593 1.21581048404033 0.352357998728041
0.568316231719088 0.00242085539924802 0.0161471878399473 25.3904446591867 0.584183205743298 1.2344784482041 0.365526064664589
0.378389133887282 0.0028809373244422 0.0128105463390704 23.6729958500969 0.663929622061434 1.07829526415457 0.339655170908686
0.22634873768218 0.00286992917960626 0.0178657716147602 8.46389443237567 0.634327876547119 1.23060767587537 0.419570405595639
1.7368128812895 0.00341522229141672 0.0177844981587725 29.162166897147 0.676227263439563 1.24935131441025 0.391813095686139
0.243292163307804 0.00302711671052811 0.0155390376574294 9.13801717181694 0.632736000499028 1.24862889961916 0.398911141015154
0.913993617546689 0.00311540392721093 0.0126120935966131 8.90340219728957 0.639299305187877 1.16812212116302 0.446550913377629
0.252597612463392 0.00227833705978306 0.0125918439098218 36.0703669833341 0.597279066776223 1.13091836465407 0.330367188796405
0.233358815571484 0.00327581198449247 0.0138421426387969 32.2361532538082 0.636673819102114 1.21920685023046 0.431710336193556
