1 0.00270786338697994 0.013665577855461 10.0836648726033 0.613965328406534 1.14271054826953 0.390291593183931
1 0.00293033973304212 0.0142680108162913 24.1786954473435 0.63538096607246 1.10973158299485 0.377321695051475
1 0.00306857686831391 0.0118870790819417 6.54100339554736 0.638071000139026 1.08859318560239 0.397107997107841
1 0.00255677405785884 0.0134176041954419 11.1956944863623 0.611740740059787 1.15586252079116 0.371498431930298
1 0.00273292424085666 0.0171943188384408 13.6633775911131 0.60815786514827 1.17798944663173 0.376900785762233
1 0.00346508822104079 0.0116597298004316 33.4820962107158 0.681876321450215 1.18781695567642 0.399373013591269
1 0.00334174138979055 0.0169511693819193 17.9520833742665 0.671849511832814 1.16629956331427 0.362061228645968
1 0.00317068782010232 0.0146543244163273 4.33612243285868 0.653314880064805 1.09571795767037 0.36128001236926
1 0.00269901935531029 0.0192258378952263 15.2769718820022 0.605677789440652 1.18397622100134 0.36800081551361
1 0.00283131617624429 0.0129257974135922 8.78302582598524 0.584534779807553 1.20470507137114 0.399092329534624
1 0.00293050927759497 0.0109291211359436 34.1833502995386 0.61303278392728 1.2068485468871 0.394818391365539
1 0.0027440938081732 0.0176749352356186 41.7668573724292 0.630636950621032 1.20644052375236 0.376868350191633
1 0.00324485862834495 0.0179816073139198 35.9466727826442 0.674672676557791 1.20635987331468 0.375377003482064
1 0.0023712117751905 0.0142537346444573 26.5189689034392 0.598344673937513 1.15727897610195 0.351609653520784
1 0.00238500078989532 0.0154184845007816 14.723682432266 0.580752995500423 1.21073271914468 0.403549321659621
1 0.00309329609250417 0.0135311538108392 60.3863603518996 0.642719351245789 1.20409114230499 0.363914644765927
1 0.00341106925118758 0.0154741668338913 21.3621849069726 0.671127772206384 1.20601637105347 0.416320072846682
1 0.00295986833502888 0.0131072689595167 49.2247944610589 0.678433750595548 1.11493235854367 0.344874115225108
1 0.00260061413612124 0.0125538251886825 16.1654248815939 0.609837309609859 1.22841677441794 0.405565433108726
1 0.00263911848198855 0.0137500183377881 45.2554492678051 0.621930862509762 1.23459429317564 0.391273417360773
1 0.00329100792569341 0.0142175243772333 31.4865500246687 0.670130623639445 1.13839849300047 0.339001924536596
1 0.00290751456484548 0.0111496606343891 35.1716146514518 0.646262456093915 1.06145813787144 0.349372088802972
1 0.00258443742206019 0.0163637830580896 40.6030931097274 0.625920623550474 1.22235098640043 0.360300914916322
1 0.00210272950283498 0.0141300574669954 11.3898633214498 0.559140477889158 1.21803376764877 0.35680120113149
1 0.00324622494918294 0.0165782958796015 34.0721356474236 0.650210820744396 1.23789698544269 0.374031430574757
1 0.0024170429478369 0.0108991376929811 38.6963874986218 0.60131899468938 1.22306518413381 0.358778992404956
1 0.0025835157717648 0.0170940412914148 22.2466904105665 0.588540552277351 1.2186428656025 0.355260654678508
1 0.00260753737496595 0.0161021474911368 29.2375633297994 0.617409228778731 1.15820989363876 0.335822712784055
1 0.00240235070916651 0.0134823478183718 53.131642538172 0.606807503861593 1.21581048404033 0.352357998728041
1 0.00242085539924802 0.0161471878399473 25.3904446591867 0.584183205743298 1.2344784482041 0.365526064664589
1 0.0028809373244422 0.0128105463390704 23.6729958500969 0.663929622061434 1.07829526415457 0.339655170908686
1 0.00286992917960626 0.0178657716147602 8.46389443237567 0.634327876547119 1.23060767587537 0.419570405595639
0.601346704945569 0.00341522229141672 0.0177844981587725 29.162166897147 0.676227263439563 1.24935131441025 0.391813095686139
0.927878503940332 0.00302711671052811 0.0155390376574294 9.13801717181694 0.632736000499028 1.24862889961916 0.398911141015154
0.812290115620337 0.00227833705978306 0.0125918439098218 36.0703669833341 0.597279066776223 1.13091836465407 0.330367188796405
0.916229290793177 0.00327581198449247 0.0138421426387969 32.2361532538082 0.636673819102114 1.21920685023046 0.431710336193556
0.36380138243879 0.00217142689729653 0.0172549190950128 10.2116133137091 0.55485737454365 1.25650358402315 0.387615736459179
0.481386619306779 0.00296818778512883 0.0105136580253253 61.661597263529 0.673976354824495 1.23284309772742 0.354181232542689
0.453691417087044 0.00289067621264186 0.0140689199650932 49.6745088815486 0.640238618425382 1.26088446752583 0.397986933126259
0.575526037409254 0.00292996669662774 0.0190211658194045 8.85206220997636 0.646713980387774 1.11110089088881 0.326325204159222
0.289270394901789 0.00244732666510856 0.0185854239944834 1.69585439656861 0.595887795623974 1.26096451506478 0.406921822196252
0.291582893571599 0.00262876267913401 0.0160588637683525 56.556626271448 0.614700691130914 1.23716224281656 0.349664047964612
0.351768817599048 0.00267824866789393 0.0144580190605484 10.1625753185828 0.631006592266262 1.12461439527065 0.323837779624517
0.420758788987844 0.00246968663001708 0.0158024533545504 34.4105338182458 0.63622923828742 1.13854040191087 0.323553338881788
0.455972404929028 0.00259245019001915 0.0119029225728753 12.3484004465491 0.579136596328203 1.22561442786162 0.438238584306
0.488825435416558 0.00218362583298577 0.0121776934411427 54.9793224612759 0.617055488460338 1.11107707258112 0.323833432215008
0.475436318635056 0.00323569949607592 0.0111056117903709 22.5654027161112 0.662951689543998 1.211221262875 0.44490764171766
0.376124675236075 0.00266336485248525 0.0115607594660716 37.8599352980102 0.617129573216313 1.14002057755179 0.321324872116249
0.450489192842719 0.00294480795292954 0.0102858156852448 10.1765403679889 0.609775452625314 1.24974294875894 0.427965902946323
0.354848987762563 0.00320556587467325 0.0148037428789878 25.113757248703 0.66687351739154 1.04864782917694 0.331770056294499
