1 0.00296003919562394 0.0109313590283995 3.31386686529481 0.630800906675561 1.12710454006285 0.388991650332065
1 0.0031876408975667 0.0124262054874464 30.4717288212745 0.669522744409505 1.13456282395682 0.392049097749596
1 0.00262640920056151 0.0103942129208718 11.751319877693 0.623544979963927 1.13236670782589 0.393280509956554
1 0.00323345361454953 0.0142913335616825 5.94807199277906 0.664164589542189 1.13916339911353 0.391101395937374
1 0.00332063054770386 0.0103003873010076 13.4658505650968 0.63502467757621 1.13663131180471 0.393753462581119
1 0.00323082732202305 0.0140540522380556 36.0365018079042 0.676884713256996 1.11907362217773 0.392866590116404
1 0.00270786338697994 0.013665577855461 10.0836648726033 0.613965328406534 1.14271054826953 0.390291593183931
1 0.00308077274467036 0.012723857428957 22.3807013627571 0.650296041680517 1.14411459899912 0.392239717265468
1 0.00272821524532186 0.0131375952526069 15.7383992482284 0.636020386303824 1.11374515024764 0.390044920827075
1 0.0030406752098355 0.0117736802560388 6.37059562202132 0.641496639136578 1.12991396887734 0.382156855697632
1 0.00342965716826734 0.01245835521981 29.2569372957411 0.684222095939262 1.13700909124526 0.397291975078292
1 0.00348443172637525 0.0132346057860094 13.1601425131529 0.671237164671156 1.14597672745517 0.392372089683531
1 0.00307223247685213 0.0117574626495908 19.6157201375885 0.668111058110217 1.11872403361431 0.383791280459709
1 0.00312760846460507 0.0108436794905483 8.48969438748203 0.640078126710576 1.13260768591278 0.398173396072524
1 0.00304325517634682 0.0104791917876846 8.72779083951087 0.63896576037814 1.11621966117036 0.395273692528812
1 0.00329560565459802 0.011195991876323 31.1390542052383 0.664263158594407 1.112290402041 0.391520629893552
1 0.00320935983818428 0.0120396643740262 29.4293542344415 0.681434254048401 1.14437908141613 0.395340339878965
1 0.00316790268163941 0.0107174275938074 17.7878459141195 0.637109052928622 1.12519124638365 0.381540215817504
1 0.00343554094814687 0.0137321275287557 10.0671277453457 0.659029904628171 1.12098649806395 0.397759563136158
1 0.0034979899027252 0.0147239924000405 4.95953879393942 0.65625188475401 1.14085351117135 0.397218669483835
1 0.00347502317390998 0.0148666819610795 11.3590665735303 0.691719051336417 1.14843683914752 0.389164260846038
1 0.00291628052966989 0.0111640781122565 2.5514713583384 0.622467404419326 1.14663536478695 0.394582356139768
1 0.00322474347531445 0.0169472862112283 7.74166647556194 0.65383588758879 1.13973895177972 0.381395885268338
1 0.0030660994292792 0.0168554443900329 5.62714394087057 0.628936917478429 1.14354600742795 0.397508466092066
1 0.00318837118379334 0.0131123215541326 3.08828300535136 0.648506263370824 1.15160255904903 0.392493306303738
1 0.00295078768184747 0.0100051590976776 13.9937581577746 0.609153209616671 1.14027621351452 0.399852244748125
1 0.0030180075158737 0.0109450192667233 13.7488082233761 0.633767679320238 1.1222207398211 0.379530113957368
1 0.00331545024854113 0.01394877209034 16.7048071817133 0.658929754545457 1.14051525458 0.379675358406949
1 0.0026842859216911 0.010683410650715 29.6980956546528 0.619490050132011 1.15157878707433 0.384883952803045
1 0.00343830706411245 0.0139973622320305 11.3026755712384 0.683960916833192 1.10609270110684 0.392919781429716
1 0.00335970888339172 0.0125527417328713 19.8863110991145 0.685580593522716 1.12328463758933 0.401679302963215
1 0.00347534343546807 0.0163505703192311 22.1185301240003 0.681954940984008 1.15554109458999 0.387662120052158
0.601346704945569 0.00308673409586335 0.0133924265876666 33.9375552169964 0.67113847589476 1.13818260097712 0.377489957261293
0.927878503940332 0.0032803211944733 0.0139817161458171 17.0109860140056 0.686989313619545 1.12821465680097 0.40318440728791
0.812290115620337 0.00309280973644697 0.013891486274655 10.7106227337543 0.643346456395944 1.14418802093141 0.376955784827877
0.916229290793177 0.00242167204027892 0.0101581350434933 16.5921306419055 0.60683876747595 1.13344272744122 0.374832073507459
0.135864314969242 0.00248672270543721 0.0105654411814187 27.0402116140832 0.590379855938532 1.16098153871157 0.386485749990652
0.107514825837966 0.0031440427007467 0.0114298290726701 4.43074083963307 0.650728835247593 1.13106044732389 0.40573497110178
0.0607963208051811 0.00293033973304212 0.0142680108162913 24.1786954473435 0.63538096607246 1.10973158299485 0.377321695051475
0.0737643209453737 0.00338724164520483 0.0150597997838189 13.424693996104 0.671778325576367 1.13253733152214 0.373959400334555
0.0869604700583896 0.0034867392066852 0.0138099615134007 23.5768830427526 0.691055842819561 1.15513572348986 0.378531544900598
0.055857185132276 0.00245453213279791 0.0140489642844929 10.8462190784925 0.591592873100786 1.16230806468369 0.383981928307878
0.150578643204701 0.0032701146621257 0.0111557702152998 15.1168349193999 0.656696382739752 1.15708220341229 0.379251157463053
0.545760068056602 0.00278556160191044 0.0114006766431173 23.7734568662754 0.619216499706376 1.13379509647574 0.407166630520979
0.318030303689093 0.00319747196483438 0.011735237009109 9.71028021549538 0.62965631492777 1.16408501892838 0.395468547055163
0.099274747987288 0.00287486000278453 0.011222979833864 15.9097581439595 0.628642568309294 1.14004606519517 0.373229823544351
0.0839097726800535 0.002913534802456 0.0130015494006873 27.5305660161525 0.645245828050894 1.16682307677838 0.390482619966832
0.082115188248984 0.00290683998080166 0.011729319466495 2.64918556100214 0.646508619272594 1.09197282448126 0.387885255496001
0.169214992827803 0.0023188582819628 0.014949516159583 2.03353844090437 0.573403898464625 1.15159703101138 0.374496685920589
0.137896024558408 0.00299714820454766 0.0100431029517282 14.0435608457044 0.619735643025106 1.14682090855427 0.406990431887249
