1 0.00296003919562394 0.0109313590283995 3.31386686529481 0.630800906675561 1.12710454006285 0.388991650332065
1 0.0031876408975667 0.0124262054874464 30.4717288212745 0.669522744409505 1.13456282395682 0.392049097749596
1 0.00262640920056151 0.0103942129208718 11.751319877693 0.623544979963927 1.13236670782589 0.393280509956554
1 0.00323345361454953 0.0142913335616825 5.94807199277906 0.664164589542189 1.13916339911353 0.391101395937374
1 0.00332063054770386 0.0103003873010076 13.4658505650968 0.63502467757621 1.13663131180471 0.393753462581119
1 0.00278901773940475 0.0102138639818803 8.99769769694304 0.627461821189908 1.11941045042943 0.391955813518754
1 0.00323082732202305 0.0140540522380556 36.0365018079042 0.676884713256996 1.11907362217773 0.392866590116404
1 0.00270786338697994 0.013665577855461 10.0836648726033 0.613965328406534 1.14271054826953 0.390291593183931
1 0.00314296404027154 0.0127121731376982 32.3529600484452 0.658197954845482 1.13857280246695 0.39490257307637
1 0.00311621026664626 0.0128735956620395 17.7044746545062 0.663870053877824 1.13265263573772 0.383475765528097
1 0.00308077274467036 0.012723857428957 22.3807013627571 0.650296041680517 1.14411459899912 0.392239717265468
1 0.00333291904990227 0.0118081060575241 11.1950299265437 0.665859437226637 1.11426280789697 0.39066608671835
1 0.00272821524532186 0.0131375952526069 15.7383992482284 0.636020386303824 1.11374515024764 0.390044920827075
1 0.0030406752098355 0.0117736802560388 6.37059562202132 0.641496639136578 1.12991396887734 0.382156855697632
1 0.00303226229922708 0.0113263469962196 32.7306119415208 0.662141268717298 1.11536269083111 0.393574808365867
1 0.00342965716826734 0.01245835521981 29.2569372957411 0.684222095939262 1.13700909124526 0.397291975078292
1 0.00348443172637525 0.0132346057860094 13.1601425131529 0.671237164671156 1.14597672745517 0.392372089683531
1 0.00307223247685213 0.0117574626495908 19.6157201375885 0.668111058110217 1.11872403361431 0.383791280459709
1 0.00312760846460507 0.0108436794905483 8.48969438748203 0.640078126710576 1.13260768591278 0.398173396072524
1 0.00304325517634682 0.0104791917876846 8.72779083951087 0.63896576037814 1.11621966117036 0.395273692528812
1 0.00329560565459802 0.011195991876323 31.1390542052383 0.664263158594407 1.112290402041 0.391520629893552
1 0.00320935983818428 0.0120396643740262 29.4293542344415 0.681434254048401 1.14437908141613 0.395340339878965
1 0.00316790268163941 0.0107174275938074 17.7878459141195 0.637109052928622 1.12519124638365 0.381540215817504
1 0.00343554094814687 0.0137321275287557 10.0671277453457 0.659029904628171 1.12098649806395 0.397759563136158
1 0.0034979899027252 0.0147239924000405 4.95953879393942 0.65625188475401 1.14085351117135 0.397218669483835
1 0.00347502317390998 0.0148666819610795 11.3590665735303 0.691719051336417 1.14843683914752 0.389164260846038
1 0.00291628052966989 0.0111640781122565 2.5514713583384 0.622467404419326 1.14663536478695 0.394582356139768
1 0.00305678501927141 0.0107196070184327 45.1489289009781 0.67967694327973 1.11019076565527 0.387823008176416
1 0.00322474347531445 0.0169472862112283 7.74166647556194 0.65383588758879 1.13973895177972 0.381395885268338
1 0.0030660994292792 0.0168554443900329 5.62714394087057 0.628936917478429 1.14354600742795 0.397508466092066
1 0.00335467008916343 0.0171733087019701 12.0878439244639 0.657915945218804 1.11895014978357 0.398585626570649
1 0.00318837118379334 0.0131123215541326 3.08828300535136 0.648506263370824 1.15160255904903 0.392493306303738
0.601346704945569 0.00291945663323772 0.0110168966097227 19.6340032370147 0.634528850198754 1.10760148239473 0.391435404884139
0.927878503940332 0.00295078768184747 0.0100051590976776 13.9937581577746 0.609153209616671 1.14027621351452 0.399852244748125
0.812290115620337 0.00290720239849478 0.0113847819526 29.2685190798538 0.637959166170359 1.14886922738623 0.39632854104974
0.916229290793177 0.0030180075158737 0.0109450192667233 13.7488082233761 0.633767679320238 1.1222207398211 0.379530113957368
0.135864314969242 0.00343867511586481 0.0125063359572686 26.6678569800767 0.647831607785296 1.15263484950712 0.393544688957241
0.107514825837966 0.00331545024854113 0.01394877209034 16.7048071817133 0.658929754545457 1.14051525458 0.379675358406949
0.0607963208051811 0.0026842859216911 0.010683410650715 29.6980956546528 0.619490050132011 1.15157878707433 0.384883952803045
0.0737643209453737 0.00343830706411245 0.0139973622320305 11.3026755712384 0.683960916833192 1.10609270110684 0.392919781429716
0.0869604700583896 0.00327143766161855 0.0141190199411225 9.77894357377801 0.663391153728787 1.10571982535421 0.392341823206068
0.055857185132276 0.00335970888339172 0.0125527417328713 19.8863110991145 0.685580593522716 1.12328463758933 0.401679302963215
0.150578643204701 0.00347534343546807 0.0163505703192311 22.1185301240003 0.681954940984008 1.15554109458999 0.387662120052158
0.0951412179946602 0.00308673409586335 0.0133924265876666 33.9375552169964 0.67113847589476 1.13818260097712 0.377489957261293
0.165431088161481 0.0032803211944733 0.0139817161458171 17.0109860140056 0.686989313619545 1.12821465680097 0.40318440728791
0.0622566822907971 0.00318508064926335 0.0113965147619074 19.0202331338492 0.649426001485226 1.10290737600219 0.386912100371369
0.0920734502611476 0.00275668262810277 0.0116596105459924 20.2896524339793 0.637226292087826 1.14838458942369 0.379861754417534
0.062178286672542 0.00330494045539774 0.0116916103103017 35.1262589126097 0.665958479285005 1.15743949577486 0.393206348428503
0.0793037960627353 0.003387816414201 0.0140715278468118 5.16941031763943 0.668306818843798 1.13981619641215 0.376936959710659
0.0640281142318871 0.00312725528180009 0.0127119463080072 9.37681145042048 0.634790987757963 1.15552951723661 0.397538036836923
