1 0.00296003919562394 0.0109313590283995 3.31386686529481 0.630800906675561 1.12710454006285 0.388991650332065
1 0.00332063054770386 0.0103003873010076 13.4658505650968 0.63502467757621 1.13663131180471 0.393753462581119
1 0.00270786338697994 0.013665577855461 10.0836648726033 0.613965328406534 1.14271054826953 0.390291593183931
1 0.0030406752098355 0.0117736802560388 6.37059562202132 0.641496639136578 1.12991396887734 0.382156855697632
1 0.00312760846460507 0.0108436794905483 8.48969438748203 0.640078126710576 1.13260768591278 0.398173396072524
1 0.00320935983818428 0.0120396643740262 29.4293542344415 0.681434254048401 1.14437908141613 0.395340339878965
1 0.0034979899027252 0.0147239924000405 4.95953879393942 0.65625188475401 1.14085351117135 0.397218669483835
1 0.00295078768184747 0.0100051590976776 13.9937581577746 0.609153209616671 1.14027621351452 0.399852244748125
1 0.00293033973304212 0.0142680108162913 24.1786954473435 0.63538096607246 1.10973158299485 0.377321695051475
1 0.00287486000278453 0.011222979833864 15.9097581439595 0.628642568309294 1.14004606519517 0.373229823544351
1 0.002913534802456 0.0130015494006873 27.5305660161525 0.645245828050894 1.16682307677838 0.390482619966832
1 0.00317882531071062 0.015917443172089 16.5150266118876 0.650262550827877 1.15427848935614 0.373747891326384
1 0.00300219275762482 0.0128022725620987 8.743404842083 0.642158999986522 1.15861085529247 0.405513799352366
1 0.00306857686831391 0.0118870790819417 6.54100339554736 0.638071000139026 1.08859318560239 0.397107997107841
1 0.00296505249864499 0.0100487662945817 6.01242937762389 0.630381960587058 1.09228188525248 0.401636534551554
1 0.00255677405785884 0.0134176041954419 11.1956944863623 0.611740740059787 1.15586252079116 0.371498431930298
1 0.00291214803488005 0.0170565699515826 17.9448561163786 0.62688702018729 1.14801532281078 0.369371282945859
1 0.00272035708402783 0.0164861580757641 8.86462811134821 0.613747723955086 1.17576000844229 0.381579150772606
1 0.00300381029892414 0.0165657884992292 11.4397042503204 0.648184924915018 1.17716283553817 0.383511565868182
1 0.00265893200463876 0.0108942686539989 10.2128040186185 0.599830777947362 1.15050917495036 0.367151852526543
1 0.00281945113881714 0.010962227091494 32.9553702401563 0.655228944341916 1.07824053694567 0.394671287970037
1 0.00273292424085666 0.0171943188384408 13.6633775911131 0.60815786514827 1.17798944663173 0.376900785762233
1 0.00279686437905595 0.0141099038418879 38.7092271111839 0.63210760539422 1.14816801309142 0.363431386560286
1 0.00202218394346912 0.0106134805525763 10.1678171666002 0.564954423260024 1.18456864793534 0.377006679347348
1 0.00346508822104079 0.0116597298004316 33.4820962107158 0.681876321450215 1.18781695567642 0.399373013591269
1 0.00341559939117619 0.0128594655598277 10.8282026799324 0.650249101373546 1.18156717755024 0.405744279218052
1 0.00245880338912644 0.0118098881477103 43.697763701436 0.595706141931703 1.16723154800715 0.365407551469625
1 0.00209536395601801 0.0104872520068819 28.6538722035962 0.573993786335864 1.18745782030764 0.376575225114736
1 0.0031398135171227 0.0181736933295393 7.18903045882152 0.656593666711296 1.09261263090188 0.36465281975871
1 0.00317233845911753 0.019288816113056 20.5798175914082 0.649635360639439 1.18492875613026 0.406864047351973
1 0.00313250039082895 0.015887954355254 1.37450225348456 0.636300584460084 1.18346145754258 0.409359659737635
1 0.00283505630942184 0.0188908211637892 3.98303856737512 0.631341650599529 1.13783892860697 0.357982729311433
0.601346704945569 0.00321835561958754 0.0139731333914207 45.2186474169174 0.693682925436094 1.19768088504203 0.387872826362725
0.927878503940332 0.00334174138979055 0.0169511693819193 17.9520833742665 0.671849511832814 1.16629956331427 0.362061228645968
0.812290115620337 0.00317068782010232 0.0146543244163273 4.33612243285868 0.653314880064805 1.09571795767037 0.36128001236926
0.916229290793177 0.00269901935531029 0.0192258378952263 15.2769718820022 0.605677789440652 1.18397622100134 0.36800081551361
0.173555154991782 0.00301104338760774 0.0106635596968708 68.336090820271 0.674318692490865 1.14657537978865 0.35603392556333
0.448060283903687 0.00333451731448239 0.0102636444928108 30.0162822180749 0.652136615150823 1.13785747274714 0.355028155198968
0.209649015657307 0.00320861926364491 0.0108080122806809 30.8893609451024 0.610454369123535 1.20312719364957 0.396640642942541
0.190529086946578 0.00282442293024003 0.0128358546861599 35.821338663704 0.630158790884859 1.17522217168812 0.360591503525068
0.20164731462901 0.0030444352300807 0.0156016068968152 7.59694604840688 0.640973258930533 1.10782822032605 0.354917981895235
0.221508057195847 0.00283131617624429 0.0129257974135922 8.78302582598524 0.584534779807553 1.20470507137114 0.399092329534624
0.247077927295847 0.00293050927759497 0.0109291211359436 34.1833502995386 0.61303278392728 1.2068485468871 0.394818391365539
0.317274320331561 0.00299413948051519 0.0141665745147673 2.71404211392459 0.653840531007274 1.12476514357261 0.35260427121051
0.250472203563505 0.0025543638272921 0.0152834482677283 15.3345929657986 0.589177544523238 1.20184196820847 0.372788730569243
0.49782455697065 0.0027440938081732 0.0176749352356186 41.7668573724292 0.630636950621032 1.20644052375236 0.376868350191633
0.282009798276789 0.00324485862834495 0.0179816073139198 35.9466727826442 0.674672676557791 1.20635987331468 0.375377003482064
0.194345094510609 0.00331461226933266 0.0117132719507069 58.0243971260891 0.668388740842342 1.13914763142825 0.350616865740312
0.241045267705506 0.00290909640209445 0.016530791618107 13.4120474421512 0.64200980818781 1.12794352967104 0.350166782053493
0.289993151435426 0.00282766774136589 0.0185963588580799 17.532057145711 0.640261958341251 1.1866767271279 0.360889635128687
