1 0.00306857686831391 0.0118870790819417 6.54100339554736 0.638071000139026 1.08859318560239 0.397107997107841
1 0.00255677405785884 0.0134176041954419 11.1956944863623 0.611740740059787 1.15586252079116 0.371498431930298
1 0.00273292424085666 0.0171943188384408 13.6633775911131 0.60815786514827 1.17798944663173 0.376900785762233
1 0.00346508822104079 0.0116597298004316 33.4820962107158 0.681876321450215 1.18781695567642 0.399373013591269
1 0.00334174138979055 0.0169511693819193 17.9520833742665 0.671849511832814 1.16629956331427 0.362061228645968
1 0.00317068782010232 0.0146543244163273 4.33612243285868 0.653314880064805 1.09571795767037 0.36128001236926
1 0.00283131617624429 0.0129257974135922 8.78302582598524 0.584534779807553 1.20470507137114 0.399092329534624
1 0.00293050927759497 0.0109291211359436 34.1833502995386 0.61303278392728 1.2068485468871 0.394818391365539
1 0.0027440938081732 0.0176749352356186 41.7668573724292 0.630636950621032 1.20644052375236 0.376868350191633
1 0.00324485862834495 0.0179816073139198 35.9466727826442 0.674672676557791 1.20635987331468 0.375377003482064
1 0.0023712117751905 0.0142537346444573 26.5189689034392 0.598344673937513 1.15727897610195 0.351609653520784
1 0.00309329609250417 0.0135311538108392 60.3863603518996 0.642719351245789 1.20409114230499 0.363914644765927
1 0.00295986833502888 0.0131072689595167 49.2247944610589 0.678433750595548 1.11493235854367 0.344874115225108
1 0.00260061413612124 0.0125538251886825 16.1654248815939 0.609837309609859 1.22841677441794 0.405565433108726
1 0.00263911848198855 0.0137500183377881 45.2554492678051 0.621930862509762 1.23459429317564 0.391273417360773
1 0.00329100792569341 0.0142175243772333 31.4865500246687 0.670130623639445 1.13839849300047 0.339001924536596
1 0.00290751456484548 0.0111496606343891 35.1716146514518 0.646262456093915 1.06145813787144 0.349372088802972
1 0.00258443742206019 0.0163637830580896 40.6030931097274 0.625920623550474 1.22235098640043 0.360300914916322
1 0.00210272950283498 0.0141300574669954 11.3898633214498 0.559140477889158 1.21803376764877 0.35680120113149
1 0.00324622494918294 0.0165782958796015 34.0721356474236 0.650210820744396 1.23789698544269 0.374031430574757
1 0.0025835157717648 0.0170940412914148 22.2466904105665 0.588540552277351 1.2186428656025 0.355260654678508
1 0.00240235070916651 0.0134823478183718 53.131642538172 0.606807503861593 1.21581048404033 0.352357998728041
1 0.00242085539924802 0.0161471878399473 25.3904446591867 0.584183205743298 1.2344784482041 0.365526064664589
1 0.0028809373244422 0.0128105463390704 23.6729958500969 0.663929622061434 1.07829526415457 0.339655170908686
1 0.00286992917960626 0.0178657716147602 8.46389443237567 0.634327876547119 1.23060767587537 0.419570405595639
1 0.00341522229141672 0.0177844981587725 29.162166897147 0.676227263439563 1.24935131441025 0.391813095686139
1 0.00327581198449247 0.0138421426387969 32.2361532538082 0.636673819102114 1.21920685023046 0.431710336193556
1 0.00217142689729653 0.0172549190950128 10.2116133137091 0.55485737454365 1.25650358402315 0.387615736459179
1 0.00296818778512883 0.0105136580253253 61.661597263529 0.673976354824495 1.23284309772742 0.354181232542689
1 0.00289067621264186 0.0140689199650932 49.6745088815486 0.640238618425382 1.26088446752583 0.397986933126259
1 0.00244732666510856 0.0185854239944834 1.69585439656861 0.595887795623974 1.26096451506478 0.406921822196252
1 0.00262876267913401 0.0160588637683525 56.556626271448 0.614700691130914 1.23716224281656 0.349664047964612
0.601346704945569 0.00267824866789393 0.0144580190605484 10.1625753185828 0.631006592266262 1.12461439527065 0.323837779624517
0.927878503940332 0.00218362583298577 0.0121776934411427 54.9793224612759 0.617055488460338 1.11107707258112 0.323833432215008
0.812290115620337 0.00266336485248525 0.0115607594660716 37.8599352980102 0.617129573216313 1.14002057755179 0.321324872116249
0.916229290793177 0.00294480795292954 0.0102858156852448 10.1765403679889 0.609775452625314 1.24974294875894 0.427965902946323
0.495181580469328 0.00332585047674016 0.0101066046300344 36.3884847791772 0.695024546261062 1.02977135507947 0.336787914406701
0.567404388407658 0.00265658285540878 0.0104309459313052 3.49822851310018 0.661937896018731 1.00891469523615 0.34622404981279
0.637894301602428 0.003097973934524 0.0105454303027779 61.171909148415 0.648493439434953 1.28194205689574 0.390151137830098
0.799538943086419 0.00226015224581817 0.0187884793528821 18.7057830484468 0.593233864949085 1.1686148579838 0.318723696611667
0.494045248247952 0.00256366598828114 0.0160950881710974 45.105060369696 0.604320295426529 1.27172092463923 0.359762689922231
1.16126666562217 0.00331707377616083 0.018143211971852 60.3207364363712 0.683033742418978 1.2662360498903 0.354379421712054
0.717264924251532 0.00223201052919268 0.0114652481438845 44.4837363499974 0.625095502670365 1.06344002327513 0.321883476849183
0.595953257817066 0.00220371774804196 0.0102012114200508 23.8925161882467 0.55303163776733 1.27080903818115 0.424030670262745
0.608656255328588 0.00235748792934231 0.0182080947431736 47.4723528063949 0.623481759751448 1.2092917285785 0.323438445875296
1.25246486373497 0.00314403671647888 0.0114941140057519 11.8753932978329 0.598309182527126 1.24726768667528 0.442483145314068
0.557052564690987 0.00251877092286148 0.0184511281387051 14.3582407896129 0.6218533418826 1.08252708064713 0.315860443066179
0.587503141907052 0.00274283297498241 0.0173242062015806 53.3238519974022 0.650079694166545 1.21996445475366 0.323942768032694
0.793075135254186 0.00225157278341008 0.0116472166212974 46.7339110015146 0.559114299130044 1.29510032003508 0.39744226446841
0.878934401100836 0.00223261913369759 0.0196251269318629 6.57706398538547 0.566013175269589 1.28793656331142 0.361025834631001
