1 0.00296003919562394 0.0109313590283995 3.31386686529481 0.630800906675561 1.12710454006285 0.388991650332065
1 0.0031876408975667 0.0124262054874464 30.4717288212745 0.669522744409505 1.13456282395682 0.392049097749596
1 0.00332063054770386 0.0103003873010076 13.4658505650968 0.63502467757621 1.13663131180471 0.393753462581119
1 0.00323082732202305 0.0140540522380556 36.0365018079042 0.676884713256996 1.11907362217773 0.392866590116404
1 0.00270786338697994 0.013665577855461 10.0836648726033 0.613965328406534 1.14271054826953 0.390291593183931
1 0.0030406752098355 0.0117736802560388 6.37059562202132 0.641496639136578 1.12991396887734 0.382156855697632
1 0.00312760846460507 0.0108436794905483 8.48969438748203 0.640078126710576 1.13260768591278 0.398173396072524
1 0.00320935983818428 0.0120396643740262 29.4293542344415 0.681434254048401 1.14437908141613 0.395340339878965
1 0.00316790268163941 0.0107174275938074 17.7878459141195 0.637109052928622 1.12519124638365 0.381540215817504
1 0.0034979899027252 0.0147239924000405 4.95953879393942 0.65625188475401 1.14085351117135 0.397218669483835
1 0.00347502317390998 0.0148666819610795 11.3590665735303 0.691719051336417 1.14843683914752 0.389164260846038
1 0.00291628052966989 0.0111640781122565 2.5514713583384 0.622467404419326 1.14663536478695 0.394582356139768
1 0.00295078768184747 0.0100051590976776 13.9937581577746 0.609153209616671 1.14027621351452 0.399852244748125
1 0.00335970888339172 0.0125527417328713 19.8863110991145 0.685580593522716 1.12328463758933 0.401679302963215
1 0.00293033973304212 0.0142680108162913 24.1786954473435 0.63538096607246 1.10973158299485 0.377321695051475
1 0.00287486000278453 0.011222979833864 15.9097581439595 0.628642568309294 1.14004606519517 0.373229823544351
1 0.002913534802456 0.0130015494006873 27.5305660161525 0.645245828050894 1.16682307677838 0.390482619966832
1 0.00317882531071062 0.015917443172089 16.5150266118876 0.650262550827877 1.15427848935614 0.373747891326384
1 0.00300219275762482 0.0128022725620987 8.743404842083 0.642158999986522 1.15861085529247 0.405513799352366
1 0.00242425363803559 0.0145695973154241 13.9813828625598 0.59630755069145 1.13061377653453 0.369006407605925
1 0.00306857686831391 0.0118870790819417 6.54100339554736 0.638071000139026 1.08859318560239 0.397107997107841
1 0.00296505249864499 0.0100487662945817 6.01242937762389 0.630381960587058 1.09228188525248 0.401636534551554
1 0.00313686016442168 0.013968018243475 33.1572291845167 0.667786105596454 1.12602701421913 0.368400149955712
1 0.00255677405785884 0.0134176041954419 11.1956944863623 0.611740740059787 1.15586252079116 0.371498431930298
1 0.00291214803488005 0.0170565699515826 17.9448561163786 0.62688702018729 1.14801532281078 0.369371282945859
1 0.00340654811863121 0.0118654452542547 16.6483986604721 0.666022601611292 1.16624433465545 0.375461281380151
1 0.00272035708402783 0.0164861580757641 8.86462811134821 0.613747723955086 1.17576000844229 0.381579150772606
1 0.00300381029892414 0.0165657884992292 11.4397042503204 0.648184924915018 1.17716283553817 0.383511565868182
1 0.00303695212587619 0.0110182462920411 17.1076106207663 0.644498236925805 1.10069927195106 0.370857099210841
1 0.00265893200463876 0.0108942686539989 10.2128040186185 0.599830777947362 1.15050917495036 0.367151852526543
1 0.00281945113881714 0.010962227091494 32.9553702401563 0.655228944341916 1.07824053694567 0.394671287970037
1 0.0031933251246465 0.0179569161507351 43.6015748280952 0.683303403217876 1.13052523349621 0.364484715326262
0.601346704945569 0.00273292424085666 0.0171943188384408 13.6633775911131 0.60815786514827 1.17798944663173 0.376900785762233
0.927878503940332 0.00286742932883755 0.0160977893981806 21.2496825291266 0.624152433644752 1.16793065915154 0.409681079664283
0.812290115620337 0.00264392860818224 0.0118594945757445 21.0885831622825 0.624436012764143 1.15672659799961 0.365763069031433
0.916229290793177 0.00219744615133199 0.0142471709567484 19.0031617026209 0.612808431093926 1.10573732858481 0.36512702582676
0.173555154991782 0.00285843900512817 0.0156920729950632 26.6828000668238 0.640916167932176 1.10433834488416 0.365108990375134
0.448060283903687 0.00279686437905595 0.0141099038418879 38.7092271111839 0.63210760539422 1.14816801309142 0.363431386560286
0.209649015657307 0.00323089892962115 0.0186470141914346 14.9235582833936 0.662778243496372 1.14097162294149 0.362489083860245
0.339184028841816 0.00202218394346912 0.0106134805525763 10.1678171666002 0.564954423260024 1.18456864793534 0.377006679347348
0.151404503726487 0.00304835367649706 0.0147576435539455 26.8648582650349 0.657905116537752 1.18823048930186 0.381320056905078
0.21469422126233 0.00346508822104079 0.0116597298004316 33.4820962107158 0.681876321450215 1.18781695567642 0.399373013591269
0.240402260586307 0.00341559939117619 0.0128594655598277 10.8282026799324 0.650249101373546 1.18156717755024 0.405744279218052
0.182058298256815 0.00245880338912644 0.0118098881477103 43.697763701436 0.595706141931703 1.16723154800715 0.365407551469625
0.121754925811463 0.00342693372992582 0.0197080465239554 20.3593759698314 0.688750016506947 1.19100146502845 0.381158969386194
0.981310283886201 0.00209536395601801 0.0104872520068819 28.6538722035962 0.573993786335864 1.18745782030764 0.376575225114736
0.108866120836045 0.0031398135171227 0.0181736933295393 7.18903045882152 0.656593666711296 1.09261263090188 0.36465281975871
0.155419933331694 0.00317233845911753 0.019288816113056 20.5798175914082 0.649635360639439 1.18492875613026 0.406864047351973
0.476469464809327 0.00346582878489976 0.0121694223813513 13.9750966768228 0.671803188186368 1.12909984387586 0.421765582815316
0.141550134435269 0.00313250039082895 0.015887954355254 1.37450225348456 0.636300584460084 1.18346145754258 0.409359659737635
