1 0.00296003919562394 0.0109313590283995 3.31386686529481 0.630800906675561 1.12710454006285 0.388991650332065
1 0.0031876408975667 0.0124262054874464 30.4717288212745 0.669522744409505 1.13456282395682 0.392049097749596
1 0.00332063054770386 0.0103003873010076 13.4658505650968 0.63502467757621 1.13663131180471 0.393753462581119
1 0.00323082732202305 0.0140540522380556 36.0365018079042 0.676884713256996 1.11907362217773 0.392866590116404
1 0.00270786338697994 0.013665577855461 10.0836648726033 0.613965328406534 1.14271054826953 0.390291593183931
1 0.00308077274467036 0.012723857428957 22.3807013627571 0.650296041680517 1.14411459899912 0.392239717265468
1 0.0030406752098355 0.0117736802560388 6.37059562202132 0.641496639136578 1.12991396887734 0.382156855697632
1 0.00342965716826734 0.01245835521981 29.2569372957411 0.684222095939262 1.13700909124526 0.397291975078292
1 0.00348443172637525 0.0132346057860094 13.1601425131529 0.671237164671156 1.14597672745517 0.392372089683531
1 0.00307223247685213 0.0117574626495908 19.6157201375885 0.668111058110217 1.11872403361431 0.383791280459709
1 0.00312760846460507 0.0108436794905483 8.48969438748203 0.640078126710576 1.13260768591278 0.398173396072524
1 0.00304325517634682 0.0104791917876846 8.72779083951087 0.63896576037814 1.11621966117036 0.395273692528812
1 0.00320935983818428 0.0120396643740262 29.4293542344415 0.681434254048401 1.14437908141613 0.395340339878965
1 0.00316790268163941 0.0107174275938074 17.7878459141195 0.637109052928622 1.12519124638365 0.381540215817504
1 0.00343554094814687 0.0137321275287557 10.0671277453457 0.659029904628171 1.12098649806395 0.397759563136158
1 0.0034979899027252 0.0147239924000405 4.95953879393942 0.65625188475401 1.14085351117135 0.397218669483835
1 0.00347502317390998 0.0148666819610795 11.3590665735303 0.691719051336417 1.14843683914752 0.389164260846038
1 0.00291628052966989 0.0111640781122565 2.5514713583384 0.622467404419326 1.14663536478695 0.394582356139768
1 0.00322474347531445 0.0169472862112283 7.74166647556194 0.65383588758879 1.13973895177972 0.381395885268338
1 0.0030660994292792 0.0168554443900329 5.62714394087057 0.628936917478429 1.14354600742795 0.397508466092066
1 0.00295078768184747 0.0100051590976776 13.9937581577746 0.609153209616671 1.14027621351452 0.399852244748125
1 0.0030180075158737 0.0109450192667233 13.7488082233761 0.633767679320238 1.1222207398211 0.379530113957368
1 0.00331545024854113 0.01394877209034 16.7048071817133 0.658929754545457 1.14051525458 0.379675358406949
1 0.0026842859216911 0.010683410650715 29.6980956546528 0.619490050132011 1.15157878707433 0.384883952803045
1 0.00335970888339172 0.0125527417328713 19.8863110991145 0.685580593522716 1.12328463758933 0.401679302963215
1 0.00309280973644697 0.013891486274655 10.7106227337543 0.643346456395944 1.14418802093141 0.376955784827877
1 0.00242167204027892 0.0101581350434933 16.5921306419055 0.60683876747595 1.13344272744122 0.374832073507459
1 0.00248672270543721 0.0105654411814187 27.0402116140832 0.590379855938532 1.16098153871157 0.386485749990652
1 0.0031440427007467 0.0114298290726701 4.43074083963307 0.650728835247593 1.13106044732389 0.40573497110178
1 0.00293033973304212 0.0142680108162913 24.1786954473435 0.63538096607246 1.10973158299485 0.377321695051475
1 0.0034867392066852 0.0138099615134007 23.5768830427526 0.691055842819561 1.15513572348986 0.378531544900598
1 0.00245453213279791 0.0140489642844929 10.8462190784925 0.591592873100786 1.16230806468369 0.383981928307878
0.601346704945569 0.0032701146621257 0.0111557702152998 15.1168349193999 0.656696382739752 1.15708220341229 0.379251157463053
0.927878503940332 0.00278556160191044 0.0114006766431173 23.7734568662754 0.619216499706376 1.13379509647574 0.407166630520979
0.812290115620337 0.00287486000278453 0.011222979833864 15.9097581439595 0.628642568309294 1.14004606519517 0.373229823544351
0.916229290793177 0.002913534802456 0.0130015494006873 27.5305660161525 0.645245828050894 1.16682307677838 0.390482619966832
0.135864314969242 0.00290683998080166 0.011729319466495 2.64918556100214 0.646508619272594 1.09197282448126 0.387885255496001
0.107514825837966 0.0023188582819628 0.014949516159583 2.03353844090437 0.573403898464625 1.15159703101138 0.374496685920589
0.0607963208051811 0.00299714820454766 0.0100431029517282 14.0435608457044 0.619735643025106 1.14682090855427 0.406990431887249
0.0737643209453737 0.00346740225103826 0.0136762674498838 5.14068032887483 0.659624711822689 1.16950826865751 0.387349764048325
0.0869604700583896 0.00287280372009814 0.0119306328574615 16.8251473825436 0.626724525660394 1.14876803046254 0.373038624844462
0.055857185132276 0.00310243243506968 0.0127048394597193 19.4249070117052 0.669908295144389 1.16135789682765 0.40197438425742
0.150578643204701 0.00272789366279196 0.0132195700700734 21.5748352231109 0.627089390243915 1.1361029452361 0.370747802567749
0.545760068056602 0.00317882531071062 0.015917443172089 16.5150266118876 0.650262550827877 1.15427848935614 0.373747891326384
0.318030303689093 0.00249958373726331 0.0112148365787978 27.5740440444014 0.618445714138706 1.16521452829007 0.378484348865194
0.100747057805557 0.00300219275762482 0.0128022725620987 8.743404842083 0.642158999986522 1.15861085529247 0.405513799352366
0.0568454472894861 0.00296069853349533 0.0119522981300413 23.9052492378061 0.659826883014394 1.11357220827904 0.370694364568856
0.209613624651539 0.00242425363803559 0.0145695973154241 13.9813828625598 0.59630755069145 1.13061377653453 0.369006407605925
0.0844019543923855 0.00306857686831391 0.0118870790819417 6.54100339554736 0.638071000139026 1.08859318560239 0.397107997107841
0.205459469804231 0.003052833212382 0.0139360997434079 3.13781378609993 0.623003370204663 1.16356340670078 0.404183538609827
