1 0.00296003919562394 0.0109313590283995 3.31386686529481 0.630800906675561 1.12710454006285 0.388991650332065
1 0.00332063054770386 0.0103003873010076 13.4658505650968 0.63502467757621 1.13663131180471 0.393753462581119
1 0.00270786338697994 0.013665577855461 10.0836648726033 0.613965328406534 1.14271054826953 0.390291593183931
1 0.0034979899027252 0.0147239924000405 4.95953879393942 0.65625188475401 1.14085351117135 0.397218669483835
1 0.00295078768184747 0.0100051590976776 13.9937581577746 0.609153209616671 1.14027621351452 0.399852244748125
1 0.00293033973304212 0.0142680108162913 24.1786954473435 0.63538096607246 1.10973158299485 0.377321695051475
1 0.00287486000278453 0.011222979833864 15.9097581439595 0.628642568309294 1.14004606519517 0.373229823544351
1 0.002913534802456 0.0130015494006873 27.5305660161525 0.645245828050894 1.16682307677838 0.390482619966832
1 0.00317882531071062 0.015917443172089 16.5150266118876 0.650262550827877 1.15427848935614 0.373747891326384
1 0.00300219275762482 0.0128022725620987 8.743404842083 0.642158999986522 1.15861085529247 0.405513799352366
1 0.00306857686831391 0.0118870790819417 6.54100339554736 0.638071000139026 1.08859318560239 0.397107997107841
1 0.00255677405785884 0.0134176041954419 11.1956944863623 0.611740740059787 1.15586252079116 0.371498431930298
1 0.00291214803488005 0.0170565699515826 17.9448561163786 0.62688702018729 1.14801532281078 0.369371282945859
1 0.00272035708402783 0.0164861580757641 8.86462811134821 0.613747723955086 1.17576000844229 0.381579150772606
1 0.00300381029892414 0.0165657884992292 11.4397042503204 0.648184924915018 1.17716283553817 0.383511565868182
1 0.00265893200463876 0.0108942686539989 10.2128040186185 0.599830777947362 1.15050917495036 0.367151852526543
1 0.00281945113881714 0.010962227091494 32.9553702401563 0.655228944341916 1.07824053694567 0.394671287970037
1 0.00273292424085666 0.0171943188384408 13.6633775911131 0.60815786514827 1.17798944663173 0.376900785762233
1 0.00202218394346912 0.0106134805525763 10.1678171666002 0.564954423260024 1.18456864793534 0.377006679347348
1 0.00346508822104079 0.0116597298004316 33.4820962107158 0.681876321450215 1.18781695567642 0.399373013591269
1 0.00341559939117619 0.0128594655598277 10.8282026799324 0.650249101373546 1.18156717755024 0.405744279218052
1 0.00209536395601801 0.0104872520068819 28.6538722035962 0.573993786335864 1.18745782030764 0.376575225114736
1 0.0031398135171227 0.0181736933295393 7.18903045882152 0.656593666711296 1.09261263090188 0.36465281975871
1 0.00317233845911753 0.019288816113056 20.5798175914082 0.649635360639439 1.18492875613026 0.406864047351973
1 0.00313250039082895 0.015887954355254 1.37450225348456 0.636300584460084 1.18346145754258 0.409359659737635
1 0.00321835561958754 0.0139731333914207 45.2186474169174 0.693682925436094 1.19768088504203 0.387872826362725
1 0.00334174138979055 0.0169511693819193 17.9520833742665 0.671849511832814 1.16629956331427 0.362061228645968
1 0.00317068782010232 0.0146543244163273 4.33612243285868 0.653314880064805 1.09571795767037 0.36128001236926
1 0.00269901935531029 0.0192258378952263 15.2769718820022 0.605677789440652 1.18397622100134 0.36800081551361
1 0.00301104338760774 0.0106635596968708 68.336090820271 0.674318692490865 1.14657537978865 0.35603392556333
1 0.00320861926364491 0.0108080122806809 30.8893609451024 0.610454369123535 1.20312719364957 0.396640642942541
1 0.00282442293024003 0.0128358546861599 35.821338663704 0.630158790884859 1.17522217168812 0.360591503525068
0.601346704945569 0.0030444352300807 0.0156016068968152 7.59694604840688 0.640973258930533 1.10782822032605 0.354917981895235
0.927878503940332 0.00283131617624429 0.0129257974135922 8.78302582598524 0.584534779807553 1.20470507137114 0.399092329534624
0.812290115620337 0.00293050927759497 0.0109291211359436 34.1833502995386 0.61303278392728 1.2068485468871 0.394818391365539
0.916229290793177 0.0027440938081732 0.0176749352356186 41.7668573724292 0.630636950621032 1.20644052375236 0.376868350191633
0.173555154991782 0.00324485862834495 0.0179816073139198 35.9466727826442 0.674672676557791 1.20635987331468 0.375377003482064
0.448060283903687 0.00331461226933266 0.0117132719507069 58.0243971260891 0.668388740842342 1.13914763142825 0.350616865740312
0.209649015657307 0.00290909640209445 0.016530791618107 13.4120474421512 0.64200980818781 1.12794352967104 0.350166782053493
0.190529086946578 0.00282766774136589 0.0185963588580799 17.532057145711 0.640261958341251 1.1866767271279 0.360889635128687
0.19728191778759 0.00271927026374227 0.0103309022039434 26.2485762690025 0.609227930316624 1.19844277098355 0.366828612600291
0.284916966884256 0.0023712117751905 0.0142537346444573 26.5189689034392 0.598344673937513 1.15727897610195 0.351609653520784
0.232982344195085 0.00316137744820943 0.0135916017166355 50.129522251717 0.686092498872 1.12500949052394 0.349239530964834
0.340973441627854 0.00238500078989532 0.0154184845007816 14.723682432266 0.580752995500423 1.21073271914468 0.403549321659621
0.336995209621567 0.00282440827202174 0.0116992952928159 27.9180988518329 0.625360522922903 1.19870943394209 0.415407467896729
0.473518745238364 0.00315747139438839 0.0139990466741227 10.0052596746166 0.627646103888643 1.19486775588866 0.420109423294656
0.331089418616603 0.00296076681233018 0.0120480092732728 16.5729160983484 0.622443979932222 1.17879185898026 0.353028532934379
0.358313001041218 0.00309329609250417 0.0135311538108392 60.3863603518996 0.642719351245789 1.20409114230499 0.363914644765927
0.205568534323663 0.00341106925118758 0.0154741668338913 21.3621849069726 0.671127772206384 1.20601637105347 0.416320072846682
0.379466284956116 0.00316336792577213 0.0165454177714255 23.5186319921954 0.651346994962952 1.15860796054933 0.346949533563696
